0 0.16 0.32 0.48 0.64 0.8 0.96 1.12 1.28 1.44 1.6 1.76 1.92 2.08 2.24 2.4 2.56 2.72 2.88 3.04 3.2 3.36 3.52 3.68 3.84 4 
0 0.176598 0.349677 0.519451 0.686115 0.849854 1.01084 1.16922 1.32515 1.47877 1.63021 1.77957 1.92699 2.07301 2.22043 2.36979 2.52123 2.67485 2.83078 2.98916 3.15015 3.31388 3.48055 3.65032 3.8234 4 
0 0.191195 0.374748 0.551497 0.722169 0.887401 1.04775 1.2037 1.35569 1.5041 1.64928 1.79153 1.93112 2.06888 2.20847 2.35072 2.4959 2.64431 2.7963 2.95225 3.1126 3.27783 3.4485 3.62525 3.8088 4 
0 0.203967 0.3959 0.577611 0.750586 0.916057 1.07505 1.22844 1.37696 1.52124 1.66182 1.79916 1.93368 2.06632 2.20084 2.33818 2.47876 2.62304 2.77156 2.92495 3.08394 3.24941 3.42239 3.6041 3.79603 4 
0 0.215062 0.413674 0.598874 0.773037 0.938046 1.09542 1.24638 1.39195 1.53297 1.67015 1.80408 1.93529 2.06471 2.19592 2.32985 2.46703 2.60805 2.75362 2.90458 3.06195 3.22696 3.40113 3.58633 3.78494 4 
0 0.224604 0.428497 0.616095 0.79071 0.954875 1.11056 1.25934 1.40245 1.54093 1.6756 1.80718 1.93625 2.06375 2.19282 2.3244 2.45907 2.59755 2.74066 2.88944 3.04513 3.20929 3.3839 3.5715 3.7754 4 
0 0.232698 0.440708 0.629886 0.804466 0.967596 1.12166 1.26851 1.40961 1.54612 1.67898 1.80897 1.93676 2.06324 2.19103 2.32102 2.45388 2.59039 2.73149 2.87834 3.0324 3.19553 3.37011 3.55929 3.7673 4 
0 0.239432 0.450581 0.640716 0.814943 0.976963 1.12953 1.27472 1.41418 1.54919 1.68077 1.80979 1.93694 2.06306 2.19021 2.31923 2.45081 2.58582 2.72528 2.87047 3.02304 3.18506 3.35928 3.54942 3.76057 4 
0 0.24488 0.458331 0.648947 0.822617 0.983526 1.13473 1.27853 1.41669 1.55059 1.68134 1.80984 1.93685 2.06315 2.19016 2.31866 2.44941 2.58331 2.72147 2.86527 3.01647 3.17738 3.35105 3.54167 3.75512 4 
0 0.249102 0.464131 0.654857 0.827846 0.987688 1.1377 1.28034 1.41749 1.55062 1.6809 1.80928 1.93656 2.06344 2.19072 2.3191 2.44938 2.58251 2.71966 2.8623 3.01231 3.17215 3.34514 3.53587 3.7509 4 
0 0.252147 0.468116 0.65866 0.830899 0.989751 1.13873 1.28045 1.41686 1.54951 1.67962 1.8082 1.93609 2.06391 2.1918 2.32038 2.45049 2.58314 2.71955 2.86127 3.01025 3.1691 3.34134 3.53188 3.74785 4 
0 0.254052 0.470388 0.660516 0.831977 0.989933 1.13806 1.27906 1.41498 1.54741 1.67763 1.80669 1.93547 2.06453 2.19331 2.32237 2.45259 2.58502 2.72094 2.86194 3.01007 3.16802 3.33948 3.52961 3.74595 4 
0 0.254846 0.471022 0.660541 0.831221 0.988393 1.13584 1.27633 1.41198 1.54443 1.675 1.80479 1.93472 2.06528 2.19521 2.325 2.45557 2.58802 2.72367 2.86416 3.01161 3.16878 3.33946 3.52898 3.74515 4 
0 0.254546 0.470068 0.658813 0.828731 0.985239 1.13218 1.27237 1.40797 1.54066 1.6718 1.80254 1.93385 2.06615 2.19746 2.3282 2.45934 2.59203 2.72763 2.86782 3.01476 3.17127 3.34119 3.52993 3.74545 4 
0 0.253164 0.467554 0.655374 0.824561 0.980534 1.12715 1.26725 1.40301 1.53616 1.66808 1.79998 1.93288 2.06712 2.20002 2.33192 2.46384 2.59699 2.73275 2.87285 3.01947 3.17544 3.34463 3.53245 3.74684 4 
0 0.250699 0.463485 0.650236 0.81873 0.974305 1.12078 1.261 1.39714 1.53096 1.66388 1.79714 1.93182 2.06818 2.20286 2.33612 2.46904 2.60286 2.739 2.87922 3.0257 3.18127 3.34976 3.53652 3.7493 4 
0 0.247145 0.457842 0.643378 0.811219 0.966539 1.11308 1.25363 1.39038 1.52509 1.65922 1.79403 1.93066 2.06934 2.20597 2.34078 2.47491 2.60962 2.74637 2.88692 3.03346 3.18878 3.35662 3.54216 3.75286 4 
0 0.242484 0.450586 0.634745 0.801971 0.957189 1.104 1.24513 1.38273 1.51857 1.65411 1.79067 1.92944 2.07056 2.20933 2.34589 2.48143 2.61727 2.75487 2.896 3.04281 3.19803 3.36526 3.54941 3.75752 4 
0 0.236691 0.441654 0.624248 0.790889 0.946161 1.09347 1.23544 1.37417 1.51139 1.64858 1.7871 1.92815 2.07185 2.2129 2.35142 2.48861 2.62583 2.76456 2.90653 3.05384 3.20911 3.37575 3.55835 3.76331 4 
0 0.229731 0.430954 0.611757 0.777827 0.933318 1.08138 1.22448 1.36464 1.50354 1.64265 1.78332 1.92682 2.07318 2.21668 2.35735 2.49646 2.63536 2.77552 2.91862 3.06668 3.22217 3.38824 3.56905 3.77027 4 
0 0.221558 0.418367 0.597095 0.762582 0.918461 1.06756 1.21214 1.35408 1.49499 1.63633 1.77939 1.92546 2.07454 2.22061 2.36367 2.50501 2.64592 2.78786 2.93244 3.08154 3.23742 3.4029 3.58163 3.77844 4 
0 0.212114 0.403736 0.580027 0.744879 0.901317 1.05176 1.19822 1.34237 1.48573 1.62963 1.77534 1.9241 2.0759 2.22466 2.37037 2.51427 2.65763 2.80178 2.94824 3.09868 3.25512 3.41997 3.59626 3.78789 4 
0 0.201329 0.386865 0.560247 0.724352 0.881514 1.03367 1.18248 1.32938 1.47568 1.62259 1.77125 1.92279 2.07721 2.22875 2.37741 2.52432 2.67062 2.81752 2.96633 3.11849 3.27565 3.43975 3.61314 3.79867 4 
0 0.189119 0.367505 0.537355 0.70051 0.858544 1.01282 1.16457 1.31488 1.46478 1.61525 1.76721 1.9216 2.0784 2.23279 2.38475 2.53522 2.68512 2.83543 2.98718 3.14146 3.29949 3.46264 3.63249 3.81088 4 
0 0.175382 0.345347 0.510834 0.672693 0.831702 0.988576 1.14399 1.29857 1.45294 1.60768 1.76338 1.92062 2.07938 2.23662 2.39232 2.54706 2.70143 2.85601 3.01142 3.1683 3.32731 3.48917 3.65465 3.82462 4 
0 0.16 0.32 0.48 0.64 0.8 0.96 1.12 1.28 1.44 1.6 1.76 1.92 2.08 2.24 2.4 2.56 2.72 2.88 3.04 3.2 3.36 3.52 3.68 3.84 4 
