0 0 0 0 0 0 0 0 0 0 0 0 0 0 0 0 0 0 0 0 0 0 0 0 0 0 0 0 0 0 0 0 0 0 0 0 0 0 0 0 0 0 0 0 0 0 0 0 0 0 0 0 0 0 0 0 0 0 0 0 0 0 0 0 0 0 0 0 0 0 0 0 0 0 0 0 0 0 0 0 0 0 0 0 0 0 0 0 0 0 0 0 0 0 0 0 0 0 0 0 0 
0.039408 0.039408 0.039408 0.039408 0.039408 0.039408 0.039408 0.039408 0.039408 0.039408 0.039408 0.039408 0.039408 0.039408 0.039408 0.039408 0.039408 0.039408 0.039408 0.039408 0.039408 0.039408 0.039408 0.039408 0.039408 0.039408 0.039408 0.039408 0.039408 0.039408 0.039408 0.039408 0.039408 0.039408 0.039408 0.039408 0.039408 0.039408 0.039408 0.039408 0.039408 0.039408 0.039408 0.039408 0.039408 0.039408 0.039408 0.039408 0.039408 0.039408 0.039408 0.039408 0.039408 0.039408 0.039408 0.039408 0.039408 0.039408 0.039408 0.039408 0.039408 0.039408 0.039408 0.039408 0.039408 0.039408 0.039408 0.039408 0.039408 0.039408 0.039408 0.039408 0.039408 0.039408 0.039408 0.039408 0.039408 0.039408 0.039408 0.039408 0.039408 0.039408 0.039408 0.039408 0.039408 0.039408 0.039408 0.039408 0.039408 0.039408 0.039408 0.039408 0.039408 0.039408 0.039408 0.039408 0.039408 0.039408 0.039408 0.039408 0.039408 
0.0776634 0.0776634 0.0776634 0.0776634 0.0776634 0.0776634 0.0776634 0.0776634 0.0776634 0.0776634 0.0776634 0.0776634 0.0776634 0.0776634 0.0776634 0.0776634 0.0776634 0.0776634 0.0776634 0.0776634 0.0776634 0.0776634 0.0776634 0.0776634 0.0776634 0.0776634 0.0776634 0.0776634 0.0776634 0.0776634 0.0776634 0.0776634 0.0776634 0.0776634 0.0776634 0.0776634 0.0776634 0.0776634 0.0776634 0.0776634 0.0776634 0.0776634 0.0776634 0.0776634 0.0776634 0.0776634 0.0776634 0.0776634 0.0776634 0.0776634 0.0776634 0.0776634 0.0776634 0.0776634 0.0776634 0.0776634 0.0776634 0.0776634 0.0776634 0.0776634 0.0776634 0.0776634 0.0776634 0.0776634 0.0776634 0.0776634 0.0776634 0.0776634 0.0776634 0.0776634 0.0776634 0.0776634 0.0776634 0.0776634 0.0776634 0.0776634 0.0776634 0.0776634 0.0776634 0.0776634 0.0776634 0.0776634 0.0776634 0.0776634 0.0776634 0.0776634 0.0776634 0.0776634 0.0776634 0.0776634 0.0776634 0.0776634 0.0776634 0.0776634 0.0776634 0.0776634 0.0776634 0.0776634 0.0776634 0.0776634 0.0776634 
0.114813 0.114813 0.114813 0.114813 0.114813 0.114813 0.114813 0.114813 0.114813 0.114813 0.114813 0.114813 0.114813 0.114813 0.114813 0.114813 0.114813 0.114813 0.114813 0.114813 0.114813 0.114813 0.114813 0.114813 0.114813 0.114813 0.114813 0.114813 0.114813 0.114813 0.114813 0.114813 0.114813 0.114813 0.114813 0.114813 0.114813 0.114813 0.114813 0.114813 0.114813 0.114813 0.114813 0.114813 0.114813 0.114813 0.114813 0.114813 0.114813 0.114813 0.114813 0.114813 0.114813 0.114813 0.114813 0.114813 0.114813 0.114813 0.114813 0.114813 0.114813 0.114813 0.114813 0.114813 0.114813 0.114813 0.114813 0.114813 0.114813 0.114813 0.114813 0.114813 0.114813 0.114813 0.114813 0.114813 0.114813 0.114813 0.114813 0.114813 0.114813 0.114813 0.114813 0.114813 0.114813 0.114813 0.114813 0.114813 0.114813 0.114813 0.114813 0.114813 0.114813 0.114813 0.114813 0.114813 0.114813 0.114813 0.114813 0.114813 0.114813 
0.150902 0.150902 0.150902 0.150902 0.150902 0.150902 0.150902 0.150902 0.150902 0.150902 0.150902 0.150902 0.150902 0.150902 0.150902 0.150902 0.150902 0.150902 0.150902 0.150902 0.150902 0.150902 0.150902 0.150902 0.150902 0.150902 0.150902 0.150902 0.150902 0.150902 0.150902 0.150902 0.150902 0.150902 0.150902 0.150902 0.150902 0.150902 0.150902 0.150902 0.150902 0.150902 0.150902 0.150902 0.150902 0.150902 0.150902 0.150902 0.150902 0.150902 0.150902 0.150902 0.150902 0.150902 0.150902 0.150902 0.150902 0.150902 0.150902 0.150902 0.150902 0.150902 0.150902 0.150902 0.150902 0.150902 0.150902 0.150902 0.150902 0.150902 0.150902 0.150902 0.150902 0.150902 0.150902 0.150902 0.150902 0.150902 0.150902 0.150902 0.150902 0.150902 0.150902 0.150902 0.150902 0.150902 0.150902 0.150902 0.150902 0.150902 0.150902 0.150902 0.150902 0.150902 0.150902 0.150902 0.150902 0.150902 0.150902 0.150902 0.150902 
0.185975 0.185975 0.185975 0.185975 0.185975 0.185975 0.185975 0.185975 0.185975 0.185975 0.185975 0.185975 0.185975 0.185975 0.185975 0.185975 0.185975 0.185975 0.185975 0.185975 0.185975 0.185975 0.185975 0.185975 0.185975 0.185975 0.185975 0.185975 0.185975 0.185975 0.185975 0.185975 0.185975 0.185975 0.185975 0.185975 0.185975 0.185975 0.185975 0.185975 0.185975 0.185975 0.185975 0.185975 0.185975 0.185975 0.185975 0.185975 0.185975 0.185975 0.185975 0.185975 0.185975 0.185975 0.185975 0.185975 0.185975 0.185975 0.185975 0.185975 0.185975 0.185975 0.185975 0.185975 0.185975 0.185975 0.185975 0.185975 0.185975 0.185975 0.185975 0.185975 0.185975 0.185975 0.185975 0.185975 0.185975 0.185975 0.185975 0.185975 0.185975 0.185975 0.185975 0.185975 0.185975 0.185975 0.185975 0.185975 0.185975 0.185975 0.185975 0.185975 0.185975 0.185975 0.185975 0.185975 0.185975 0.185975 0.185975 0.185975 0.185975 
0.220076 0.220076 0.220076 0.220076 0.220076 0.220076 0.220076 0.220076 0.220076 0.220076 0.220076 0.220076 0.220076 0.220076 0.220076 0.220076 0.220076 0.220076 0.220076 0.220076 0.220076 0.220076 0.220076 0.220076 0.220076 0.220076 0.220076 0.220076 0.220076 0.220076 0.220076 0.220076 0.220076 0.220076 0.220076 0.220076 0.220076 0.220076 0.220076 0.220076 0.220076 0.220076 0.220076 0.220076 0.220076 0.220076 0.220076 0.220076 0.220076 0.220076 0.220076 0.220076 0.220076 0.220076 0.220076 0.220076 0.220076 0.220076 0.220076 0.220076 0.220076 0.220076 0.220076 0.220076 0.220076 0.220076 0.220076 0.220076 0.220076 0.220076 0.220076 0.220076 0.220076 0.220076 0.220076 0.220076 0.220076 0.220076 0.220076 0.220076 0.220076 0.220076 0.220076 0.220076 0.220076 0.220076 0.220076 0.220076 0.220076 0.220076 0.220076 0.220076 0.220076 0.220076 0.220076 0.220076 0.220076 0.220076 0.220076 0.220076 0.220076 
0.253248 0.253248 0.253248 0.253248 0.253248 0.253248 0.253248 0.253248 0.253248 0.253248 0.253248 0.253248 0.253248 0.253248 0.253248 0.253248 0.253248 0.253248 0.253248 0.253248 0.253248 0.253248 0.253248 0.253248 0.253248 0.253248 0.253248 0.253248 0.253248 0.253248 0.253248 0.253248 0.253248 0.253248 0.253248 0.253248 0.253248 0.253248 0.253248 0.253248 0.253248 0.253248 0.253248 0.253248 0.253248 0.253248 0.253248 0.253248 0.253248 0.253248 0.253248 0.253248 0.253248 0.253248 0.253248 0.253248 0.253248 0.253248 0.253248 0.253248 0.253248 0.253248 0.253248 0.253248 0.253248 0.253248 0.253248 0.253248 0.253248 0.253248 0.253248 0.253248 0.253248 0.253248 0.253248 0.253248 0.253248 0.253248 0.253248 0.253248 0.253248 0.253248 0.253248 0.253248 0.253248 0.253248 0.253248 0.253248 0.253248 0.253248 0.253248 0.253248 0.253248 0.253248 0.253248 0.253248 0.253248 0.253248 0.253248 0.253248 0.253248 
0.285532 0.285532 0.285532 0.285532 0.285532 0.285532 0.285532 0.285532 0.285532 0.285532 0.285532 0.285532 0.285532 0.285532 0.285532 0.285532 0.285532 0.285532 0.285532 0.285532 0.285532 0.285532 0.285532 0.285532 0.285532 0.285532 0.285532 0.285532 0.285532 0.285532 0.285532 0.285532 0.285532 0.285532 0.285532 0.285532 0.285532 0.285532 0.285532 0.285532 0.285532 0.285532 0.285532 0.285532 0.285532 0.285532 0.285532 0.285532 0.285532 0.285532 0.285532 0.285532 0.285532 0.285532 0.285532 0.285532 0.285532 0.285532 0.285532 0.285532 0.285532 0.285532 0.285532 0.285532 0.285532 0.285532 0.285532 0.285532 0.285532 0.285532 0.285532 0.285532 0.285532 0.285532 0.285532 0.285532 0.285532 0.285532 0.285532 0.285532 0.285532 0.285532 0.285532 0.285532 0.285532 0.285532 0.285532 0.285532 0.285532 0.285532 0.285532 0.285532 0.285532 0.285532 0.285532 0.285532 0.285532 0.285532 0.285532 0.285532 0.285532 
0.31697 0.31697 0.31697 0.31697 0.31697 0.31697 0.31697 0.31697 0.31697 0.31697 0.31697 0.31697 0.31697 0.31697 0.31697 0.31697 0.31697 0.31697 0.31697 0.31697 0.31697 0.31697 0.31697 0.31697 0.31697 0.31697 0.31697 0.31697 0.31697 0.31697 0.31697 0.31697 0.31697 0.31697 0.31697 0.31697 0.31697 0.31697 0.31697 0.31697 0.31697 0.31697 0.31697 0.31697 0.31697 0.31697 0.31697 0.31697 0.31697 0.31697 0.31697 0.31697 0.31697 0.31697 0.31697 0.31697 0.31697 0.31697 0.31697 0.31697 0.31697 0.31697 0.31697 0.31697 0.31697 0.31697 0.31697 0.31697 0.31697 0.31697 0.31697 0.31697 0.31697 0.31697 0.31697 0.31697 0.31697 0.31697 0.31697 0.31697 0.31697 0.31697 0.31697 0.31697 0.31697 0.31697 0.31697 0.31697 0.31697 0.31697 0.31697 0.31697 0.31697 0.31697 0.31697 0.31697 0.31697 0.31697 0.31697 0.31697 0.31697 
0.3476 0.3476 0.3476 0.3476 0.3476 0.3476 0.3476 0.3476 0.3476 0.3476 0.3476 0.3476 0.3476 0.3476 0.3476 0.3476 0.3476 0.3476 0.3476 0.3476 0.3476 0.3476 0.3476 0.3476 0.3476 0.3476 0.3476 0.3476 0.3476 0.3476 0.3476 0.3476 0.3476 0.3476 0.3476 0.3476 0.3476 0.3476 0.3476 0.3476 0.3476 0.3476 0.3476 0.3476 0.3476 0.3476 0.3476 0.3476 0.3476 0.3476 0.3476 0.3476 0.3476 0.3476 0.3476 0.3476 0.3476 0.3476 0.3476 0.3476 0.3476 0.3476 0.3476 0.3476 0.3476 0.3476 0.3476 0.3476 0.3476 0.3476 0.3476 0.3476 0.3476 0.3476 0.3476 0.3476 0.3476 0.3476 0.3476 0.3476 0.3476 0.3476 0.3476 0.3476 0.3476 0.3476 0.3476 0.3476 0.3476 0.3476 0.3476 0.3476 0.3476 0.3476 0.3476 0.3476 0.3476 0.3476 0.3476 0.3476 0.3476 
0.377462 0.377462 0.377462 0.377462 0.377462 0.377462 0.377462 0.377462 0.377462 0.377462 0.377462 0.377462 0.377462 0.377462 0.377462 0.377462 0.377462 0.377462 0.377462 0.377462 0.377462 0.377462 0.377462 0.377462 0.377462 0.377462 0.377462 0.377462 0.377462 0.377462 0.377462 0.377462 0.377462 0.377462 0.377462 0.377462 0.377462 0.377462 0.377462 0.377462 0.377462 0.377462 0.377462 0.377462 0.377462 0.377462 0.377462 0.377462 0.377462 0.377462 0.377462 0.377462 0.377462 0.377462 0.377462 0.377462 0.377462 0.377462 0.377462 0.377462 0.377462 0.377462 0.377462 0.377462 0.377462 0.377462 0.377462 0.377462 0.377462 0.377462 0.377462 0.377462 0.377462 0.377462 0.377462 0.377462 0.377462 0.377462 0.377462 0.377462 0.377462 0.377462 0.377462 0.377462 0.377462 0.377462 0.377462 0.377462 0.377462 0.377462 0.377462 0.377462 0.377462 0.377462 0.377462 0.377462 0.377462 0.377462 0.377462 0.377462 0.377462 
0.406595 0.406595 0.406595 0.406595 0.406595 0.406595 0.406595 0.406595 0.406595 0.406595 0.406595 0.406595 0.406595 0.406595 0.406595 0.406595 0.406595 0.406595 0.406595 0.406595 0.406595 0.406595 0.406595 0.406595 0.406595 0.406595 0.406595 0.406595 0.406595 0.406595 0.406595 0.406595 0.406595 0.406595 0.406595 0.406595 0.406595 0.406595 0.406595 0.406595 0.406595 0.406595 0.406595 0.406595 0.406595 0.406595 0.406595 0.406595 0.406595 0.406595 0.406595 0.406595 0.406595 0.406595 0.406595 0.406595 0.406595 0.406595 0.406595 0.406595 0.406595 0.406595 0.406595 0.406595 0.406595 0.406595 0.406595 0.406595 0.406595 0.406595 0.406595 0.406595 0.406595 0.406595 0.406595 0.406595 0.406595 0.406595 0.406595 0.406595 0.406595 0.406595 0.406595 0.406595 0.406595 0.406595 0.406595 0.406595 0.406595 0.406595 0.406595 0.406595 0.406595 0.406595 0.406595 0.406595 0.406595 0.406595 0.406595 0.406595 0.406595 
0.435034 0.435034 0.435034 0.435034 0.435034 0.435034 0.435034 0.435034 0.435034 0.435034 0.435034 0.435034 0.435034 0.435034 0.435034 0.435034 0.435034 0.435034 0.435034 0.435034 0.435034 0.435034 0.435034 0.435034 0.435034 0.435034 0.435034 0.435034 0.435034 0.435034 0.435034 0.435034 0.435034 0.435034 0.435034 0.435034 0.435034 0.435034 0.435034 0.435034 0.435034 0.435034 0.435034 0.435034 0.435034 0.435034 0.435034 0.435034 0.435034 0.435034 0.435034 0.435034 0.435034 0.435034 0.435034 0.435034 0.435034 0.435034 0.435034 0.435034 0.435034 0.435034 0.435034 0.435034 0.435034 0.435034 0.435034 0.435034 0.435034 0.435034 0.435034 0.435034 0.435034 0.435034 0.435034 0.435034 0.435034 0.435034 0.435034 0.435034 0.435034 0.435034 0.435034 0.435034 0.435034 0.435034 0.435034 0.435034 0.435034 0.435034 0.435034 0.435034 0.435034 0.435034 0.435034 0.435034 0.435034 0.435034 0.435034 0.435034 0.435034 
0.462815 0.462815 0.462815 0.462815 0.462815 0.462815 0.462815 0.462815 0.462815 0.462815 0.462815 0.462815 0.462815 0.462815 0.462815 0.462815 0.462815 0.462815 0.462815 0.462815 0.462815 0.462815 0.462815 0.462815 0.462815 0.462815 0.462815 0.462815 0.462815 0.462815 0.462815 0.462815 0.462815 0.462815 0.462815 0.462815 0.462815 0.462815 0.462815 0.462815 0.462815 0.462815 0.462815 0.462815 0.462815 0.462815 0.462815 0.462815 0.462815 0.462815 0.462815 0.462815 0.462815 0.462815 0.462815 0.462815 0.462815 0.462815 0.462815 0.462815 0.462815 0.462815 0.462815 0.462815 0.462815 0.462815 0.462815 0.462815 0.462815 0.462815 0.462815 0.462815 0.462815 0.462815 0.462815 0.462815 0.462815 0.462815 0.462815 0.462815 0.462815 0.462815 0.462815 0.462815 0.462815 0.462815 0.462815 0.462815 0.462815 0.462815 0.462815 0.462815 0.462815 0.462815 0.462815 0.462815 0.462815 0.462815 0.462815 0.462815 0.462815 
0.489975 0.489975 0.489975 0.489975 0.489975 0.489975 0.489975 0.489975 0.489975 0.489975 0.489975 0.489975 0.489975 0.489975 0.489975 0.489975 0.489975 0.489975 0.489975 0.489975 0.489975 0.489975 0.489975 0.489975 0.489975 0.489975 0.489975 0.489975 0.489975 0.489975 0.489975 0.489975 0.489975 0.489975 0.489975 0.489975 0.489975 0.489975 0.489975 0.489975 0.489975 0.489975 0.489975 0.489975 0.489975 0.489975 0.489975 0.489975 0.489975 0.489975 0.489975 0.489975 0.489975 0.489975 0.489975 0.489975 0.489975 0.489975 0.489975 0.489975 0.489975 0.489975 0.489975 0.489975 0.489975 0.489975 0.489975 0.489975 0.489975 0.489975 0.489975 0.489975 0.489975 0.489975 0.489975 0.489975 0.489975 0.489975 0.489975 0.489975 0.489975 0.489975 0.489975 0.489975 0.489975 0.489975 0.489975 0.489975 0.489975 0.489975 0.489975 0.489975 0.489975 0.489975 0.489975 0.489975 0.489975 0.489975 0.489975 0.489975 0.489975 
0.516547 0.516547 0.516547 0.516547 0.516547 0.516547 0.516547 0.516547 0.516547 0.516547 0.516547 0.516547 0.516547 0.516547 0.516547 0.516547 0.516547 0.516547 0.516547 0.516547 0.516547 0.516547 0.516547 0.516547 0.516547 0.516547 0.516547 0.516547 0.516547 0.516547 0.516547 0.516547 0.516547 0.516547 0.516547 0.516547 0.516547 0.516547 0.516547 0.516547 0.516547 0.516547 0.516547 0.516547 0.516547 0.516547 0.516547 0.516547 0.516547 0.516547 0.516547 0.516547 0.516547 0.516547 0.516547 0.516547 0.516547 0.516547 0.516547 0.516547 0.516547 0.516547 0.516547 0.516547 0.516547 0.516547 0.516547 0.516547 0.516547 0.516547 0.516547 0.516547 0.516547 0.516547 0.516547 0.516547 0.516547 0.516547 0.516547 0.516547 0.516547 0.516547 0.516547 0.516547 0.516547 0.516547 0.516547 0.516547 0.516547 0.516547 0.516547 0.516547 0.516547 0.516547 0.516547 0.516547 0.516547 0.516547 0.516547 0.516547 0.516547 
0.542563 0.542563 0.542563 0.542563 0.542563 0.542563 0.542563 0.542563 0.542563 0.542563 0.542563 0.542563 0.542563 0.542563 0.542563 0.542563 0.542563 0.542563 0.542563 0.542563 0.542563 0.542563 0.542563 0.542563 0.542563 0.542563 0.542563 0.542563 0.542563 0.542563 0.542563 0.542563 0.542563 0.542563 0.542563 0.542563 0.542563 0.542563 0.542563 0.542563 0.542563 0.542563 0.542563 0.542563 0.542563 0.542563 0.542563 0.542563 0.542563 0.542563 0.542563 0.542563 0.542563 0.542563 0.542563 0.542563 0.542563 0.542563 0.542563 0.542563 0.542563 0.542563 0.542563 0.542563 0.542563 0.542563 0.542563 0.542563 0.542563 0.542563 0.542563 0.542563 0.542563 0.542563 0.542563 0.542563 0.542563 0.542563 0.542563 0.542563 0.542563 0.542563 0.542563 0.542563 0.542563 0.542563 0.542563 0.542563 0.542563 0.542563 0.542563 0.542563 0.542563 0.542563 0.542563 0.542563 0.542563 0.542563 0.542563 0.542563 0.542563 
0.568057 0.568057 0.568057 0.568057 0.568057 0.568057 0.568057 0.568057 0.568057 0.568057 0.568057 0.568057 0.568057 0.568057 0.568057 0.568057 0.568057 0.568057 0.568057 0.568057 0.568057 0.568057 0.568057 0.568057 0.568057 0.568057 0.568057 0.568057 0.568057 0.568057 0.568057 0.568057 0.568057 0.568057 0.568057 0.568057 0.568057 0.568057 0.568057 0.568057 0.568057 0.568057 0.568057 0.568057 0.568057 0.568057 0.568057 0.568057 0.568057 0.568057 0.568057 0.568057 0.568057 0.568057 0.568057 0.568057 0.568057 0.568057 0.568057 0.568057 0.568057 0.568057 0.568057 0.568057 0.568057 0.568057 0.568057 0.568057 0.568057 0.568057 0.568057 0.568057 0.568057 0.568057 0.568057 0.568057 0.568057 0.568057 0.568057 0.568057 0.568057 0.568057 0.568057 0.568057 0.568057 0.568057 0.568057 0.568057 0.568057 0.568057 0.568057 0.568057 0.568057 0.568057 0.568057 0.568057 0.568057 0.568057 0.568057 0.568057 0.568057 
0.593059 0.593059 0.593059 0.593059 0.593059 0.593059 0.593059 0.593059 0.593059 0.593059 0.593059 0.593059 0.593059 0.593059 0.593059 0.593059 0.593059 0.593059 0.593059 0.593059 0.593059 0.593059 0.593059 0.593059 0.593059 0.593059 0.593059 0.593059 0.593059 0.593059 0.593059 0.593059 0.593059 0.593059 0.593059 0.593059 0.593059 0.593059 0.593059 0.593059 0.593059 0.593059 0.593059 0.593059 0.593059 0.593059 0.593059 0.593059 0.593059 0.593059 0.593059 0.593059 0.593059 0.593059 0.593059 0.593059 0.593059 0.593059 0.593059 0.593059 0.593059 0.593059 0.593059 0.593059 0.593059 0.593059 0.593059 0.593059 0.593059 0.593059 0.593059 0.593059 0.593059 0.593059 0.593059 0.593059 0.593059 0.593059 0.593059 0.593059 0.593059 0.593059 0.593059 0.593059 0.593059 0.593059 0.593059 0.593059 0.593059 0.593059 0.593059 0.593059 0.593059 0.593059 0.593059 0.593059 0.593059 0.593059 0.593059 0.593059 0.593059 
0.6176 0.6176 0.6176 0.6176 0.6176 0.6176 0.6176 0.6176 0.6176 0.6176 0.6176 0.6176 0.6176 0.6176 0.6176 0.6176 0.6176 0.6176 0.6176 0.6176 0.6176 0.6176 0.6176 0.6176 0.6176 0.6176 0.6176 0.6176 0.6176 0.6176 0.6176 0.6176 0.6176 0.6176 0.6176 0.6176 0.6176 0.6176 0.6176 0.6176 0.6176 0.6176 0.6176 0.6176 0.6176 0.6176 0.6176 0.6176 0.6176 0.6176 0.6176 0.6176 0.6176 0.6176 0.6176 0.6176 0.6176 0.6176 0.6176 0.6176 0.6176 0.6176 0.6176 0.6176 0.6176 0.6176 0.6176 0.6176 0.6176 0.6176 0.6176 0.6176 0.6176 0.6176 0.6176 0.6176 0.6176 0.6176 0.6176 0.6176 0.6176 0.6176 0.6176 0.6176 0.6176 0.6176 0.6176 0.6176 0.6176 0.6176 0.6176 0.6176 0.6176 0.6176 0.6176 0.6176 0.6176 0.6176 0.6176 0.6176 0.6176 
0.641709 0.641709 0.641709 0.641709 0.641709 0.641709 0.641709 0.641709 0.641709 0.641709 0.641709 0.641709 0.641709 0.641709 0.641709 0.641709 0.641709 0.641709 0.641709 0.641709 0.641709 0.641709 0.641709 0.641709 0.641709 0.641709 0.641709 0.641709 0.641709 0.641709 0.641709 0.641709 0.641709 0.641709 0.641709 0.641709 0.641709 0.641709 0.641709 0.641709 0.641709 0.641709 0.641709 0.641709 0.641709 0.641709 0.641709 0.641709 0.641709 0.641709 0.641709 0.641709 0.641709 0.641709 0.641709 0.641709 0.641709 0.641709 0.641709 0.641709 0.641709 0.641709 0.641709 0.641709 0.641709 0.641709 0.641709 0.641709 0.641709 0.641709 0.641709 0.641709 0.641709 0.641709 0.641709 0.641709 0.641709 0.641709 0.641709 0.641709 0.641709 0.641709 0.641709 0.641709 0.641709 0.641709 0.641709 0.641709 0.641709 0.641709 0.641709 0.641709 0.641709 0.641709 0.641709 0.641709 0.641709 0.641709 0.641709 0.641709 0.641709 
0.665414 0.665414 0.665414 0.665414 0.665414 0.665414 0.665414 0.665414 0.665414 0.665414 0.665414 0.665414 0.665414 0.665414 0.665414 0.665414 0.665414 0.665414 0.665414 0.665414 0.665414 0.665414 0.665414 0.665414 0.665414 0.665414 0.665414 0.665414 0.665414 0.665414 0.665414 0.665414 0.665414 0.665414 0.665414 0.665414 0.665414 0.665414 0.665414 0.665414 0.665414 0.665414 0.665414 0.665414 0.665414 0.665414 0.665414 0.665414 0.665414 0.665414 0.665414 0.665414 0.665414 0.665414 0.665414 0.665414 0.665414 0.665414 0.665414 0.665414 0.665414 0.665414 0.665414 0.665414 0.665414 0.665414 0.665414 0.665414 0.665414 0.665414 0.665414 0.665414 0.665414 0.665414 0.665414 0.665414 0.665414 0.665414 0.665414 0.665414 0.665414 0.665414 0.665414 0.665414 0.665414 0.665414 0.665414 0.665414 0.665414 0.665414 0.665414 0.665414 0.665414 0.665414 0.665414 0.665414 0.665414 0.665414 0.665414 0.665414 0.665414 
0.688742 0.688742 0.688742 0.688742 0.688742 0.688742 0.688742 0.688742 0.688742 0.688742 0.688742 0.688742 0.688742 0.688742 0.688742 0.688742 0.688742 0.688742 0.688742 0.688742 0.688742 0.688742 0.688742 0.688742 0.688742 0.688742 0.688742 0.688742 0.688742 0.688742 0.688742 0.688742 0.688742 0.688742 0.688742 0.688742 0.688742 0.688742 0.688742 0.688742 0.688742 0.688742 0.688742 0.688742 0.688742 0.688742 0.688742 0.688742 0.688742 0.688742 0.688742 0.688742 0.688742 0.688742 0.688742 0.688742 0.688742 0.688742 0.688742 0.688742 0.688742 0.688742 0.688742 0.688742 0.688742 0.688742 0.688742 0.688742 0.688742 0.688742 0.688742 0.688742 0.688742 0.688742 0.688742 0.688742 0.688742 0.688742 0.688742 0.688742 0.688742 0.688742 0.688742 0.688742 0.688742 0.688742 0.688742 0.688742 0.688742 0.688742 0.688742 0.688742 0.688742 0.688742 0.688742 0.688742 0.688742 0.688742 0.688742 0.688742 0.688742 
0.711721 0.711721 0.711721 0.711721 0.711721 0.711721 0.711721 0.711721 0.711721 0.711721 0.711721 0.711721 0.711721 0.711721 0.711721 0.711721 0.711721 0.711721 0.711721 0.711721 0.711721 0.711721 0.711721 0.711721 0.711721 0.711721 0.711721 0.711721 0.711721 0.711721 0.711721 0.711721 0.711721 0.711721 0.711721 0.711721 0.711721 0.711721 0.711721 0.711721 0.711721 0.711721 0.711721 0.711721 0.711721 0.711721 0.711721 0.711721 0.711721 0.711721 0.711721 0.711721 0.711721 0.711721 0.711721 0.711721 0.711721 0.711721 0.711721 0.711721 0.711721 0.711721 0.711721 0.711721 0.711721 0.711721 0.711721 0.711721 0.711721 0.711721 0.711721 0.711721 0.711721 0.711721 0.711721 0.711721 0.711721 0.711721 0.711721 0.711721 0.711721 0.711721 0.711721 0.711721 0.711721 0.711721 0.711721 0.711721 0.711721 0.711721 0.711721 0.711721 0.711721 0.711721 0.711721 0.711721 0.711721 0.711721 0.711721 0.711721 0.711721 
0.734375 0.734375 0.734375 0.734375 0.734375 0.734375 0.734375 0.734375 0.734375 0.734375 0.734375 0.734375 0.734375 0.734375 0.734375 0.734375 0.734375 0.734375 0.734375 0.734375 0.734375 0.734375 0.734375 0.734375 0.734375 0.734375 0.734375 0.734375 0.734375 0.734375 0.734375 0.734375 0.734375 0.734375 0.734375 0.734375 0.734375 0.734375 0.734375 0.734375 0.734375 0.734375 0.734375 0.734375 0.734375 0.734375 0.734375 0.734375 0.734375 0.734375 0.734375 0.734375 0.734375 0.734375 0.734375 0.734375 0.734375 0.734375 0.734375 0.734375 0.734375 0.734375 0.734375 0.734375 0.734375 0.734375 0.734375 0.734375 0.734375 0.734375 0.734375 0.734375 0.734375 0.734375 0.734375 0.734375 0.734375 0.734375 0.734375 0.734375 0.734375 0.734375 0.734375 0.734375 0.734375 0.734375 0.734375 0.734375 0.734375 0.734375 0.734375 0.734375 0.734375 0.734375 0.734375 0.734375 0.734375 0.734375 0.734375 0.734375 0.734375 
0.756729 0.756729 0.756729 0.756729 0.756729 0.756729 0.756729 0.756729 0.756729 0.756729 0.756729 0.756729 0.756729 0.756729 0.756729 0.756729 0.756729 0.756729 0.756729 0.756729 0.756729 0.756729 0.756729 0.756729 0.756729 0.756729 0.756729 0.756729 0.756729 0.756729 0.756729 0.756729 0.756729 0.756729 0.756729 0.756729 0.756729 0.756729 0.756729 0.756729 0.756729 0.756729 0.756729 0.756729 0.756729 0.756729 0.756729 0.756729 0.756729 0.756729 0.756729 0.756729 0.756729 0.756729 0.756729 0.756729 0.756729 0.756729 0.756729 0.756729 0.756729 0.756729 0.756729 0.756729 0.756729 0.756729 0.756729 0.756729 0.756729 0.756729 0.756729 0.756729 0.756729 0.756729 0.756729 0.756729 0.756729 0.756729 0.756729 0.756729 0.756729 0.756729 0.756729 0.756729 0.756729 0.756729 0.756729 0.756729 0.756729 0.756729 0.756729 0.756729 0.756729 0.756729 0.756729 0.756729 0.756729 0.756729 0.756729 0.756729 0.756729 
0.778806 0.778806 0.778806 0.778806 0.778806 0.778806 0.778806 0.778806 0.778806 0.778806 0.778806 0.778806 0.778806 0.778806 0.778806 0.778806 0.778806 0.778806 0.778806 0.778806 0.778806 0.778806 0.778806 0.778806 0.778806 0.778806 0.778806 0.778806 0.778806 0.778806 0.778806 0.778806 0.778806 0.778806 0.778806 0.778806 0.778806 0.778806 0.778806 0.778806 0.778806 0.778806 0.778806 0.778806 0.778806 0.778806 0.778806 0.778806 0.778806 0.778806 0.778806 0.778806 0.778806 0.778806 0.778806 0.778806 0.778806 0.778806 0.778806 0.778806 0.778806 0.778806 0.778806 0.778806 0.778806 0.778806 0.778806 0.778806 0.778806 0.778806 0.778806 0.778806 0.778806 0.778806 0.778806 0.778806 0.778806 0.778806 0.778806 0.778806 0.778806 0.778806 0.778806 0.778806 0.778806 0.778806 0.778806 0.778806 0.778806 0.778806 0.778806 0.778806 0.778806 0.778806 0.778806 0.778806 0.778806 0.778806 0.778806 0.778806 0.778806 
0.80063 0.80063 0.80063 0.80063 0.80063 0.80063 0.80063 0.80063 0.80063 0.80063 0.80063 0.80063 0.80063 0.80063 0.80063 0.80063 0.80063 0.80063 0.80063 0.80063 0.80063 0.80063 0.80063 0.80063 0.80063 0.80063 0.80063 0.80063 0.80063 0.80063 0.80063 0.80063 0.80063 0.80063 0.80063 0.80063 0.80063 0.80063 0.80063 0.80063 0.80063 0.80063 0.80063 0.80063 0.80063 0.80063 0.80063 0.80063 0.80063 0.80063 0.80063 0.80063 0.80063 0.80063 0.80063 0.80063 0.80063 0.80063 0.80063 0.80063 0.80063 0.80063 0.80063 0.80063 0.80063 0.80063 0.80063 0.80063 0.80063 0.80063 0.80063 0.80063 0.80063 0.80063 0.80063 0.80063 0.80063 0.80063 0.80063 0.80063 0.80063 0.80063 0.80063 0.80063 0.80063 0.80063 0.80063 0.80063 0.80063 0.80063 0.80063 0.80063 0.80063 0.80063 0.80063 0.80063 0.80063 0.80063 0.80063 0.80063 0.80063 
0.822221 0.822221 0.822221 0.822221 0.822221 0.822221 0.822221 0.822221 0.822221 0.822221 0.822221 0.822221 0.822221 0.822221 0.822221 0.822221 0.822221 0.822221 0.822221 0.822221 0.822221 0.822221 0.822221 0.822221 0.822221 0.822221 0.822221 0.822221 0.822221 0.822221 0.822221 0.822221 0.822221 0.822221 0.822221 0.822221 0.822221 0.822221 0.822221 0.822221 0.822221 0.822221 0.822221 0.822221 0.822221 0.822221 0.822221 0.822221 0.822221 0.822221 0.822221 0.822221 0.822221 0.822221 0.822221 0.822221 0.822221 0.822221 0.822221 0.822221 0.822221 0.822221 0.822221 0.822221 0.822221 0.822221 0.822221 0.822221 0.822221 0.822221 0.822221 0.822221 0.822221 0.822221 0.822221 0.822221 0.822221 0.822221 0.822221 0.822221 0.822221 0.822221 0.822221 0.822221 0.822221 0.822221 0.822221 0.822221 0.822221 0.822221 0.822221 0.822221 0.822221 0.822221 0.822221 0.822221 0.822221 0.822221 0.822221 0.822221 0.822221 
0.8436 0.8436 0.8436 0.8436 0.8436 0.8436 0.8436 0.8436 0.8436 0.8436 0.8436 0.8436 0.8436 0.8436 0.8436 0.8436 0.8436 0.8436 0.8436 0.8436 0.8436 0.8436 0.8436 0.8436 0.8436 0.8436 0.8436 0.8436 0.8436 0.8436 0.8436 0.8436 0.8436 0.8436 0.8436 0.8436 0.8436 0.8436 0.8436 0.8436 0.8436 0.8436 0.8436 0.8436 0.8436 0.8436 0.8436 0.8436 0.8436 0.8436 0.8436 0.8436 0.8436 0.8436 0.8436 0.8436 0.8436 0.8436 0.8436 0.8436 0.8436 0.8436 0.8436 0.8436 0.8436 0.8436 0.8436 0.8436 0.8436 0.8436 0.8436 0.8436 0.8436 0.8436 0.8436 0.8436 0.8436 0.8436 0.8436 0.8436 0.8436 0.8436 0.8436 0.8436 0.8436 0.8436 0.8436 0.8436 0.8436 0.8436 0.8436 0.8436 0.8436 0.8436 0.8436 0.8436 0.8436 0.8436 0.8436 0.8436 0.8436 
0.864787 0.864787 0.864787 0.864787 0.864787 0.864787 0.864787 0.864787 0.864787 0.864787 0.864787 0.864787 0.864787 0.864787 0.864787 0.864787 0.864787 0.864787 0.864787 0.864787 0.864787 0.864787 0.864787 0.864787 0.864787 0.864787 0.864787 0.864787 0.864787 0.864787 0.864787 0.864787 0.864787 0.864787 0.864787 0.864787 0.864787 0.864787 0.864787 0.864787 0.864787 0.864787 0.864787 0.864787 0.864787 0.864787 0.864787 0.864787 0.864787 0.864787 0.864787 0.864787 0.864787 0.864787 0.864787 0.864787 0.864787 0.864787 0.864787 0.864787 0.864787 0.864787 0.864787 0.864787 0.864787 0.864787 0.864787 0.864787 0.864787 0.864787 0.864787 0.864787 0.864787 0.864787 0.864787 0.864787 0.864787 0.864787 0.864787 0.864787 0.864787 0.864787 0.864787 0.864787 0.864787 0.864787 0.864787 0.864787 0.864787 0.864787 0.864787 0.864787 0.864787 0.864787 0.864787 0.864787 0.864787 0.864787 0.864787 0.864787 0.864787 
0.885801 0.885801 0.885801 0.885801 0.885801 0.885801 0.885801 0.885801 0.885801 0.885801 0.885801 0.885801 0.885801 0.885801 0.885801 0.885801 0.885801 0.885801 0.885801 0.885801 0.885801 0.885801 0.885801 0.885801 0.885801 0.885801 0.885801 0.885801 0.885801 0.885801 0.885801 0.885801 0.885801 0.885801 0.885801 0.885801 0.885801 0.885801 0.885801 0.885801 0.885801 0.885801 0.885801 0.885801 0.885801 0.885801 0.885801 0.885801 0.885801 0.885801 0.885801 0.885801 0.885801 0.885801 0.885801 0.885801 0.885801 0.885801 0.885801 0.885801 0.885801 0.885801 0.885801 0.885801 0.885801 0.885801 0.885801 0.885801 0.885801 0.885801 0.885801 0.885801 0.885801 0.885801 0.885801 0.885801 0.885801 0.885801 0.885801 0.885801 0.885801 0.885801 0.885801 0.885801 0.885801 0.885801 0.885801 0.885801 0.885801 0.885801 0.885801 0.885801 0.885801 0.885801 0.885801 0.885801 0.885801 0.885801 0.885801 0.885801 0.885801 
0.906659 0.906659 0.906659 0.906659 0.906659 0.906659 0.906659 0.906659 0.906659 0.906659 0.906659 0.906659 0.906659 0.906659 0.906659 0.906659 0.906659 0.906659 0.906659 0.906659 0.906659 0.906659 0.906659 0.906659 0.906659 0.906659 0.906659 0.906659 0.906659 0.906659 0.906659 0.906659 0.906659 0.906659 0.906659 0.906659 0.906659 0.906659 0.906659 0.906659 0.906659 0.906659 0.906659 0.906659 0.906659 0.906659 0.906659 0.906659 0.906659 0.906659 0.906659 0.906659 0.906659 0.906659 0.906659 0.906659 0.906659 0.906659 0.906659 0.906659 0.906659 0.906659 0.906659 0.906659 0.906659 0.906659 0.906659 0.906659 0.906659 0.906659 0.906659 0.906659 0.906659 0.906659 0.906659 0.906659 0.906659 0.906659 0.906659 0.906659 0.906659 0.906659 0.906659 0.906659 0.906659 0.906659 0.906659 0.906659 0.906659 0.906659 0.906659 0.906659 0.906659 0.906659 0.906659 0.906659 0.906659 0.906659 0.906659 0.906659 0.906659 
0.927379 0.927379 0.927379 0.927379 0.927379 0.927379 0.927379 0.927379 0.927379 0.927379 0.927379 0.927379 0.927379 0.927379 0.927379 0.927379 0.927379 0.927379 0.927379 0.927379 0.927379 0.927379 0.927379 0.927379 0.927379 0.927379 0.927379 0.927379 0.927379 0.927379 0.927379 0.927379 0.927379 0.927379 0.927379 0.927379 0.927379 0.927379 0.927379 0.927379 0.927379 0.927379 0.927379 0.927379 0.927379 0.927379 0.927379 0.927379 0.927379 0.927379 0.927379 0.927379 0.927379 0.927379 0.927379 0.927379 0.927379 0.927379 0.927379 0.927379 0.927379 0.927379 0.927379 0.927379 0.927379 0.927379 0.927379 0.927379 0.927379 0.927379 0.927379 0.927379 0.927379 0.927379 0.927379 0.927379 0.927379 0.927379 0.927379 0.927379 0.927379 0.927379 0.927379 0.927379 0.927379 0.927379 0.927379 0.927379 0.927379 0.927379 0.927379 0.927379 0.927379 0.927379 0.927379 0.927379 0.927379 0.927379 0.927379 0.927379 0.927379 
0.947975 0.947975 0.947975 0.947975 0.947975 0.947975 0.947975 0.947975 0.947975 0.947975 0.947975 0.947975 0.947975 0.947975 0.947975 0.947975 0.947975 0.947975 0.947975 0.947975 0.947975 0.947975 0.947975 0.947975 0.947975 0.947975 0.947975 0.947975 0.947975 0.947975 0.947975 0.947975 0.947975 0.947975 0.947975 0.947975 0.947975 0.947975 0.947975 0.947975 0.947975 0.947975 0.947975 0.947975 0.947975 0.947975 0.947975 0.947975 0.947975 0.947975 0.947975 0.947975 0.947975 0.947975 0.947975 0.947975 0.947975 0.947975 0.947975 0.947975 0.947975 0.947975 0.947975 0.947975 0.947975 0.947975 0.947975 0.947975 0.947975 0.947975 0.947975 0.947975 0.947975 0.947975 0.947975 0.947975 0.947975 0.947975 0.947975 0.947975 0.947975 0.947975 0.947975 0.947975 0.947975 0.947975 0.947975 0.947975 0.947975 0.947975 0.947975 0.947975 0.947975 0.947975 0.947975 0.947975 0.947975 0.947975 0.947975 0.947975 0.947975 
0.968463 0.968463 0.968463 0.968463 0.968463 0.968463 0.968463 0.968463 0.968463 0.968463 0.968463 0.968463 0.968463 0.968463 0.968463 0.968463 0.968463 0.968463 0.968463 0.968463 0.968463 0.968463 0.968463 0.968463 0.968463 0.968463 0.968463 0.968463 0.968463 0.968463 0.968463 0.968463 0.968463 0.968463 0.968463 0.968463 0.968463 0.968463 0.968463 0.968463 0.968463 0.968463 0.968463 0.968463 0.968463 0.968463 0.968463 0.968463 0.968463 0.968463 0.968463 0.968463 0.968463 0.968463 0.968463 0.968463 0.968463 0.968463 0.968463 0.968463 0.968463 0.968463 0.968463 0.968463 0.968463 0.968463 0.968463 0.968463 0.968463 0.968463 0.968463 0.968463 0.968463 0.968463 0.968463 0.968463 0.968463 0.968463 0.968463 0.968463 0.968463 0.968463 0.968463 0.968463 0.968463 0.968463 0.968463 0.968463 0.968463 0.968463 0.968463 0.968463 0.968463 0.968463 0.968463 0.968463 0.968463 0.968463 0.968463 0.968463 0.968463 
0.988858 0.988858 0.988858 0.988858 0.988858 0.988858 0.988858 0.988858 0.988858 0.988858 0.988858 0.988858 0.988858 0.988858 0.988858 0.988858 0.988858 0.988858 0.988858 0.988858 0.988858 0.988858 0.988858 0.988858 0.988858 0.988858 0.988858 0.988858 0.988858 0.988858 0.988858 0.988858 0.988858 0.988858 0.988858 0.988858 0.988858 0.988858 0.988858 0.988858 0.988858 0.988858 0.988858 0.988858 0.988858 0.988858 0.988858 0.988858 0.988858 0.988858 0.988858 0.988858 0.988858 0.988858 0.988858 0.988858 0.988858 0.988858 0.988858 0.988858 0.988858 0.988858 0.988858 0.988858 0.988858 0.988858 0.988858 0.988858 0.988858 0.988858 0.988858 0.988858 0.988858 0.988858 0.988858 0.988858 0.988858 0.988858 0.988858 0.988858 0.988858 0.988858 0.988858 0.988858 0.988858 0.988858 0.988858 0.988858 0.988858 0.988858 0.988858 0.988858 0.988858 0.988858 0.988858 0.988858 0.988858 0.988858 0.988858 0.988858 0.988858 
1.00917 1.00917 1.00917 1.00917 1.00917 1.00917 1.00917 1.00917 1.00917 1.00917 1.00917 1.00917 1.00917 1.00917 1.00917 1.00917 1.00917 1.00917 1.00917 1.00917 1.00917 1.00917 1.00917 1.00917 1.00917 1.00917 1.00917 1.00917 1.00917 1.00917 1.00917 1.00917 1.00917 1.00917 1.00917 1.00917 1.00917 1.00917 1.00917 1.00917 1.00917 1.00917 1.00917 1.00917 1.00917 1.00917 1.00917 1.00917 1.00917 1.00917 1.00917 1.00917 1.00917 1.00917 1.00917 1.00917 1.00917 1.00917 1.00917 1.00917 1.00917 1.00917 1.00917 1.00917 1.00917 1.00917 1.00917 1.00917 1.00917 1.00917 1.00917 1.00917 1.00917 1.00917 1.00917 1.00917 1.00917 1.00917 1.00917 1.00917 1.00917 1.00917 1.00917 1.00917 1.00917 1.00917 1.00917 1.00917 1.00917 1.00917 1.00917 1.00917 1.00917 1.00917 1.00917 1.00917 1.00917 1.00917 1.00917 1.00917 1.00917 
1.02941 1.02941 1.02941 1.02941 1.02941 1.02941 1.02941 1.02941 1.02941 1.02941 1.02941 1.02941 1.02941 1.02941 1.02941 1.02941 1.02941 1.02941 1.02941 1.02941 1.02941 1.02941 1.02941 1.02941 1.02941 1.02941 1.02941 1.02941 1.02941 1.02941 1.02941 1.02941 1.02941 1.02941 1.02941 1.02941 1.02941 1.02941 1.02941 1.02941 1.02941 1.02941 1.02941 1.02941 1.02941 1.02941 1.02941 1.02941 1.02941 1.02941 1.02941 1.02941 1.02941 1.02941 1.02941 1.02941 1.02941 1.02941 1.02941 1.02941 1.02941 1.02941 1.02941 1.02941 1.02941 1.02941 1.02941 1.02941 1.02941 1.02941 1.02941 1.02941 1.02941 1.02941 1.02941 1.02941 1.02941 1.02941 1.02941 1.02941 1.02941 1.02941 1.02941 1.02941 1.02941 1.02941 1.02941 1.02941 1.02941 1.02941 1.02941 1.02941 1.02941 1.02941 1.02941 1.02941 1.02941 1.02941 1.02941 1.02941 1.02941 
1.0496 1.0496 1.0496 1.0496 1.0496 1.0496 1.0496 1.0496 1.0496 1.0496 1.0496 1.0496 1.0496 1.0496 1.0496 1.0496 1.0496 1.0496 1.0496 1.0496 1.0496 1.0496 1.0496 1.0496 1.0496 1.0496 1.0496 1.0496 1.0496 1.0496 1.0496 1.0496 1.0496 1.0496 1.0496 1.0496 1.0496 1.0496 1.0496 1.0496 1.0496 1.0496 1.0496 1.0496 1.0496 1.0496 1.0496 1.0496 1.0496 1.0496 1.0496 1.0496 1.0496 1.0496 1.0496 1.0496 1.0496 1.0496 1.0496 1.0496 1.0496 1.0496 1.0496 1.0496 1.0496 1.0496 1.0496 1.0496 1.0496 1.0496 1.0496 1.0496 1.0496 1.0496 1.0496 1.0496 1.0496 1.0496 1.0496 1.0496 1.0496 1.0496 1.0496 1.0496 1.0496 1.0496 1.0496 1.0496 1.0496 1.0496 1.0496 1.0496 1.0496 1.0496 1.0496 1.0496 1.0496 1.0496 1.0496 1.0496 1.0496 
1.06974 1.06974 1.06974 1.06974 1.06974 1.06974 1.06974 1.06974 1.06974 1.06974 1.06974 1.06974 1.06974 1.06974 1.06974 1.06974 1.06974 1.06974 1.06974 1.06974 1.06974 1.06974 1.06974 1.06974 1.06974 1.06974 1.06974 1.06974 1.06974 1.06974 1.06974 1.06974 1.06974 1.06974 1.06974 1.06974 1.06974 1.06974 1.06974 1.06974 1.06974 1.06974 1.06974 1.06974 1.06974 1.06974 1.06974 1.06974 1.06974 1.06974 1.06974 1.06974 1.06974 1.06974 1.06974 1.06974 1.06974 1.06974 1.06974 1.06974 1.06974 1.06974 1.06974 1.06974 1.06974 1.06974 1.06974 1.06974 1.06974 1.06974 1.06974 1.06974 1.06974 1.06974 1.06974 1.06974 1.06974 1.06974 1.06974 1.06974 1.06974 1.06974 1.06974 1.06974 1.06974 1.06974 1.06974 1.06974 1.06974 1.06974 1.06974 1.06974 1.06974 1.06974 1.06974 1.06974 1.06974 1.06974 1.06974 1.06974 1.06974 
1.08984 1.08984 1.08984 1.08984 1.08984 1.08984 1.08984 1.08984 1.08984 1.08984 1.08984 1.08984 1.08984 1.08984 1.08984 1.08984 1.08984 1.08984 1.08984 1.08984 1.08984 1.08984 1.08984 1.08984 1.08984 1.08984 1.08984 1.08984 1.08984 1.08984 1.08984 1.08984 1.08984 1.08984 1.08984 1.08984 1.08984 1.08984 1.08984 1.08984 1.08984 1.08984 1.08984 1.08984 1.08984 1.08984 1.08984 1.08984 1.08984 1.08984 1.08984 1.08984 1.08984 1.08984 1.08984 1.08984 1.08984 1.08984 1.08984 1.08984 1.08984 1.08984 1.08984 1.08984 1.08984 1.08984 1.08984 1.08984 1.08984 1.08984 1.08984 1.08984 1.08984 1.08984 1.08984 1.08984 1.08984 1.08984 1.08984 1.08984 1.08984 1.08984 1.08984 1.08984 1.08984 1.08984 1.08984 1.08984 1.08984 1.08984 1.08984 1.08984 1.08984 1.08984 1.08984 1.08984 1.08984 1.08984 1.08984 1.08984 1.08984 
1.1099 1.1099 1.1099 1.1099 1.1099 1.1099 1.1099 1.1099 1.1099 1.1099 1.1099 1.1099 1.1099 1.1099 1.1099 1.1099 1.1099 1.1099 1.1099 1.1099 1.1099 1.1099 1.1099 1.1099 1.1099 1.1099 1.1099 1.1099 1.1099 1.1099 1.1099 1.1099 1.1099 1.1099 1.1099 1.1099 1.1099 1.1099 1.1099 1.1099 1.1099 1.1099 1.1099 1.1099 1.1099 1.1099 1.1099 1.1099 1.1099 1.1099 1.1099 1.1099 1.1099 1.1099 1.1099 1.1099 1.1099 1.1099 1.1099 1.1099 1.1099 1.1099 1.1099 1.1099 1.1099 1.1099 1.1099 1.1099 1.1099 1.1099 1.1099 1.1099 1.1099 1.1099 1.1099 1.1099 1.1099 1.1099 1.1099 1.1099 1.1099 1.1099 1.1099 1.1099 1.1099 1.1099 1.1099 1.1099 1.1099 1.1099 1.1099 1.1099 1.1099 1.1099 1.1099 1.1099 1.1099 1.1099 1.1099 1.1099 1.1099 
1.12995 1.12995 1.12995 1.12995 1.12995 1.12995 1.12995 1.12995 1.12995 1.12995 1.12995 1.12995 1.12995 1.12995 1.12995 1.12995 1.12995 1.12995 1.12995 1.12995 1.12995 1.12995 1.12995 1.12995 1.12995 1.12995 1.12995 1.12995 1.12995 1.12995 1.12995 1.12995 1.12995 1.12995 1.12995 1.12995 1.12995 1.12995 1.12995 1.12995 1.12995 1.12995 1.12995 1.12995 1.12995 1.12995 1.12995 1.12995 1.12995 1.12995 1.12995 1.12995 1.12995 1.12995 1.12995 1.12995 1.12995 1.12995 1.12995 1.12995 1.12995 1.12995 1.12995 1.12995 1.12995 1.12995 1.12995 1.12995 1.12995 1.12995 1.12995 1.12995 1.12995 1.12995 1.12995 1.12995 1.12995 1.12995 1.12995 1.12995 1.12995 1.12995 1.12995 1.12995 1.12995 1.12995 1.12995 1.12995 1.12995 1.12995 1.12995 1.12995 1.12995 1.12995 1.12995 1.12995 1.12995 1.12995 1.12995 1.12995 1.12995 
1.14998 1.14998 1.14998 1.14997 1.14998 1.14997 1.14997 1.14997 1.14998 1.14998 1.14998 1.14997 1.14998 1.14998 1.14998 1.14998 1.14997 1.14998 1.14998 1.14997 1.14997 1.14998 1.14998 1.14997 1.14998 1.14998 1.14998 1.14997 1.14998 1.14997 1.14997 1.14997 1.14998 1.14998 1.14997 1.14997 1.14998 1.14998 1.14998 1.14998 1.14998 1.14998 1.14998 1.14998 1.14998 1.14998 1.14998 1.14998 1.14998 1.14998 1.14998 1.14998 1.14998 1.14998 1.14998 1.14998 1.14998 1.14998 1.14998 1.14998 1.14998 1.14998 1.14998 1.14998 1.14998 1.14998 1.14998 1.14998 1.14998 1.14998 1.14998 1.14998 1.14998 1.14997 1.14998 1.14998 1.14998 1.14998 1.14998 1.14998 1.14998 1.14998 1.14998 1.14998 1.14998 1.14998 1.14998 1.14998 1.14998 1.14998 1.14998 1.14998 1.14998 1.14998 1.14998 1.14998 1.14998 1.14998 1.14998 1.14998 1.14998 
1.16999 1.16999 1.16999 1.16999 1.16999 1.16999 1.16999 1.16999 1.16999 1.16999 1.16999 1.16999 1.16999 1.16999 1.16999 1.16999 1.16999 1.16999 1.16999 1.16999 1.16999 1.16999 1.16999 1.16999 1.16999 1.16999 1.16999 1.16999 1.16999 1.16999 1.16999 1.16999 1.16999 1.16999 1.16999 1.16999 1.16999 1.16999 1.16999 1.16999 1.16999 1.16999 1.16999 1.16999 1.16999 1.16999 1.16999 1.16999 1.16999 1.16999 1.16999 1.16999 1.16999 1.16999 1.16999 1.16999 1.16999 1.16999 1.16999 1.16999 1.16999 1.16999 1.16999 1.16999 1.16999 1.16999 1.16999 1.16999 1.16999 1.16999 1.16999 1.16999 1.16999 1.16999 1.16999 1.16999 1.16999 1.16999 1.16999 1.16999 1.16999 1.16999 1.16999 1.16999 1.16999 1.16999 1.16999 1.16999 1.16999 1.16999 1.16999 1.16999 1.16999 1.16999 1.16999 1.16999 1.16999 1.16999 1.16999 1.16999 1.16999 
1.19 1.19 1.19 1.19 1.19 1.19 1.19 1.19 1.19 1.19 1.19 1.19 1.19 1.19 1.19 1.19 1.19 1.19 1.19 1.19 1.19 1.19 1.19 1.19 1.19 1.19 1.19 1.19 1.19 1.19 1.19 1.19 1.19 1.19 1.19 1.19 1.19 1.19 1.19 1.19 1.19 1.19 1.19 1.19 1.19 1.19 1.19 1.19 1.19 1.19 1.19 1.19 1.19 1.19 1.19 1.19 1.19 1.19 1.19 1.19 1.19 1.19 1.19 1.19 1.19 1.19 1.19 1.19 1.19 1.19 1.19 1.19 1.19 1.19 1.19 1.19 1.19 1.19 1.19 1.19 1.19 1.19 1.19 1.19 1.19 1.19 1.19 1.19 1.19 1.19 1.19 1.19 1.19 1.19 1.19 1.19 1.19 1.19 1.19 1.19 1.19 
1.21 1.21 1.21 1.21 1.21 1.21 1.21 1.21 1.21 1.21 1.21 1.21 1.21 1.21 1.21 1.21 1.21 1.21 1.21 1.21 1.21 1.21 1.21 1.21 1.21 1.21 1.21 1.21 1.21 1.21 1.21 1.21 1.21 1.21 1.21 1.21 1.21 1.21 1.21 1.21 1.21 1.21 1.21 1.21 1.21 1.21 1.21 1.21 1.21 1.21 1.21 1.21 1.21 1.21 1.21 1.21 1.21 1.21 1.21 1.21 1.21 1.21 1.21 1.21 1.21 1.21 1.21 1.21 1.21 1.21 1.21 1.21 1.21 1.21 1.21 1.21 1.21 1.21 1.21 1.21 1.21 1.21 1.21 1.21 1.21 1.21 1.21 1.21 1.21 1.21 1.21 1.21 1.21 1.21 1.21 1.21 1.21 1.21 1.21 1.21 1.21 
1.23 1.23 1.23 1.23 1.23 1.23 1.23 1.23 1.23 1.23 1.23 1.23 1.23 1.23 1.23 1.23 1.23 1.23 1.23 1.23 1.23 1.23 1.23 1.23 1.23 1.23 1.23 1.23 1.23 1.23 1.23 1.23 1.23 1.23 1.23 1.23 1.23 1.23 1.23 1.23 1.23 1.23 1.23 1.23 1.23 1.23 1.23 1.23 1.23 1.23 1.23 1.23 1.23 1.23 1.23 1.23 1.23 1.23 1.23 1.23 1.23 1.23 1.23 1.23 1.23 1.23 1.23 1.23 1.23 1.23 1.23 1.23 1.23 1.23 1.23 1.23 1.23 1.23 1.23 1.23 1.23 1.23 1.23 1.23 1.23 1.23 1.23 1.23 1.23 1.23 1.23 1.23 1.23 1.23 1.23 1.23 1.23 1.23 1.23 1.23 1.23 
1.25 1.25 1.25 1.25 1.25 1.25 1.25 1.25 1.25 1.25 1.25 1.25 1.25 1.25 1.25 1.25 1.25 1.25 1.25 1.25 1.25 1.25 1.25 1.25 1.25 1.25 1.25 1.25 1.25 1.25 1.25 1.25 1.25 1.25 1.25 1.25 1.25 1.25 1.25 1.25 1.25 1.25 1.25 1.25 1.25 1.25 1.25 1.25 1.25 1.25 1.25 1.25 1.25 1.25 1.25 1.25 1.25 1.25 1.25 1.25 1.25 1.25 1.25 1.25 1.25 1.25 1.25 1.25 1.25 1.25 1.25 1.25 1.25 1.25 1.25 1.25 1.25 1.25 1.25 1.25 1.25 1.25 1.25 1.25 1.25 1.25 1.25 1.25 1.25 1.25 1.25 1.25 1.25 1.25 1.25 1.25 1.25 1.25 1.25 1.25 1.25 
1.27 1.27 1.27 1.27 1.27 1.27 1.27 1.27 1.27 1.27 1.27 1.27 1.27 1.27 1.27 1.27 1.27 1.27 1.27 1.27 1.27 1.27 1.27 1.27 1.27 1.27 1.27 1.27 1.27 1.27 1.27 1.27 1.27 1.27 1.27 1.27 1.27 1.27 1.27 1.27 1.27 1.27 1.27 1.27 1.27 1.27 1.27 1.27 1.27 1.27 1.27 1.27 1.27 1.27 1.27 1.27 1.27 1.27 1.27 1.27 1.27 1.27 1.27 1.27 1.27 1.27 1.27 1.27 1.27 1.27 1.27 1.27 1.27 1.27 1.27 1.27 1.27 1.27 1.27 1.27 1.27 1.27 1.27 1.27 1.27 1.27 1.27 1.27 1.27 1.27 1.27 1.27 1.27 1.27 1.27 1.27 1.27 1.27 1.27 1.27 1.27 
1.29 1.29 1.29 1.29 1.29 1.29 1.29 1.29 1.29 1.29 1.29 1.29 1.29 1.29 1.29 1.29 1.29 1.29 1.29 1.29 1.29 1.29 1.29 1.29 1.29 1.29 1.29 1.29 1.29 1.29 1.29 1.29 1.29 1.29 1.29 1.29 1.29 1.29 1.29 1.29 1.29 1.29 1.29 1.29 1.29 1.29 1.29 1.29 1.29 1.29 1.29 1.29 1.29 1.29 1.29 1.29 1.29 1.29 1.29 1.29 1.29 1.29 1.29 1.29 1.29 1.29 1.29 1.29 1.29 1.29 1.29 1.29 1.29 1.29 1.29 1.29 1.29 1.29 1.29 1.29 1.29 1.29 1.29 1.29 1.29 1.29 1.29 1.29 1.29 1.29 1.29 1.29 1.29 1.29 1.29 1.29 1.29 1.29 1.29 1.29 1.29 
1.31 1.31 1.31 1.31 1.31 1.31 1.31 1.31 1.31 1.31 1.31 1.31 1.31 1.31 1.31 1.31 1.31 1.31 1.31 1.31 1.31 1.31 1.31 1.31 1.31 1.31 1.31 1.31 1.31 1.31 1.31 1.31 1.31 1.31 1.31 1.31 1.31 1.31 1.31 1.31 1.31 1.31 1.31 1.31 1.31 1.31 1.31 1.31 1.31 1.31 1.31 1.31 1.31 1.31 1.31 1.31 1.31 1.31 1.31 1.31 1.31 1.31 1.31 1.31 1.31 1.31 1.31 1.31 1.31 1.31 1.31 1.31 1.31 1.31 1.31 1.31 1.31 1.31 1.31 1.31 1.31 1.31 1.31 1.31 1.31 1.31 1.31 1.31 1.31 1.31 1.31 1.31 1.31 1.31 1.31 1.31 1.31 1.31 1.31 1.31 1.31 
1.33001 1.33001 1.33001 1.33001 1.33001 1.33001 1.33001 1.33001 1.33001 1.33001 1.33001 1.33001 1.33001 1.33001 1.33001 1.33001 1.33001 1.33001 1.33001 1.33001 1.33001 1.33001 1.33001 1.33001 1.33001 1.33001 1.33001 1.33001 1.33001 1.33001 1.33001 1.33001 1.33001 1.33001 1.33001 1.33001 1.33001 1.33001 1.33001 1.33001 1.33001 1.33001 1.33001 1.33001 1.33001 1.33001 1.33001 1.33001 1.33001 1.33001 1.33001 1.33001 1.33001 1.33001 1.33001 1.33001 1.33001 1.33001 1.33001 1.33001 1.33001 1.33001 1.33001 1.33001 1.33001 1.33001 1.33001 1.33001 1.33001 1.33001 1.33001 1.33001 1.33001 1.33001 1.33001 1.33001 1.33001 1.33001 1.33001 1.33001 1.33001 1.33001 1.33001 1.33001 1.33001 1.33001 1.33001 1.33001 1.33001 1.33001 1.33001 1.33001 1.33001 1.33001 1.33001 1.33001 1.33001 1.33001 1.33001 1.33001 1.33001 
1.35003 1.35003 1.35003 1.35003 1.35003 1.35003 1.35003 1.35003 1.35003 1.35003 1.35003 1.35003 1.35003 1.35003 1.35003 1.35003 1.35003 1.35003 1.35003 1.35003 1.35003 1.35003 1.35003 1.35003 1.35003 1.35003 1.35003 1.35003 1.35003 1.35003 1.35003 1.35003 1.35003 1.35003 1.35003 1.35003 1.35003 1.35003 1.35003 1.35003 1.35003 1.35003 1.35003 1.35003 1.35003 1.35003 1.35003 1.35003 1.35003 1.35003 1.35003 1.35003 1.35003 1.35003 1.35003 1.35003 1.35003 1.35003 1.35003 1.35003 1.35003 1.35003 1.35003 1.35003 1.35003 1.35003 1.35003 1.35003 1.35003 1.35003 1.35003 1.35003 1.35003 1.35003 1.35003 1.35003 1.35003 1.35003 1.35003 1.35003 1.35003 1.35003 1.35003 1.35003 1.35003 1.35003 1.35003 1.35003 1.35003 1.35003 1.35003 1.35003 1.35003 1.35003 1.35003 1.35003 1.35003 1.35003 1.35003 1.35003 1.35003 
1.37005 1.37005 1.37005 1.37005 1.37005 1.37005 1.37005 1.37005 1.37005 1.37005 1.37005 1.37005 1.37005 1.37005 1.37005 1.37005 1.37005 1.37005 1.37005 1.37005 1.37005 1.37005 1.37005 1.37005 1.37005 1.37005 1.37005 1.37005 1.37005 1.37005 1.37005 1.37005 1.37005 1.37005 1.37005 1.37005 1.37005 1.37005 1.37005 1.37005 1.37005 1.37005 1.37005 1.37005 1.37005 1.37005 1.37005 1.37005 1.37005 1.37005 1.37005 1.37005 1.37005 1.37005 1.37005 1.37005 1.37005 1.37005 1.37005 1.37005 1.37005 1.37005 1.37005 1.37005 1.37005 1.37005 1.37005 1.37005 1.37005 1.37005 1.37005 1.37005 1.37005 1.37005 1.37005 1.37005 1.37005 1.37005 1.37005 1.37005 1.37005 1.37005 1.37005 1.37005 1.37005 1.37005 1.37005 1.37005 1.37005 1.37005 1.37005 1.37005 1.37005 1.37005 1.37005 1.37005 1.37005 1.37005 1.37005 1.37005 1.37005 
1.3901 1.3901 1.3901 1.3901 1.3901 1.3901 1.3901 1.3901 1.3901 1.3901 1.3901 1.3901 1.3901 1.3901 1.3901 1.3901 1.3901 1.3901 1.3901 1.3901 1.3901 1.3901 1.3901 1.3901 1.3901 1.3901 1.3901 1.3901 1.3901 1.3901 1.3901 1.3901 1.3901 1.3901 1.3901 1.3901 1.3901 1.3901 1.3901 1.3901 1.3901 1.3901 1.3901 1.3901 1.3901 1.3901 1.3901 1.3901 1.3901 1.3901 1.3901 1.3901 1.3901 1.3901 1.3901 1.3901 1.3901 1.3901 1.3901 1.3901 1.3901 1.3901 1.3901 1.3901 1.3901 1.3901 1.3901 1.3901 1.3901 1.3901 1.3901 1.3901 1.3901 1.3901 1.3901 1.3901 1.3901 1.3901 1.3901 1.3901 1.3901 1.3901 1.3901 1.3901 1.3901 1.3901 1.3901 1.3901 1.3901 1.3901 1.3901 1.3901 1.3901 1.3901 1.3901 1.3901 1.3901 1.3901 1.3901 1.3901 1.3901 
1.41016 1.41016 1.41016 1.41016 1.41016 1.41016 1.41016 1.41016 1.41016 1.41016 1.41016 1.41016 1.41016 1.41016 1.41016 1.41016 1.41016 1.41016 1.41016 1.41016 1.41016 1.41016 1.41016 1.41016 1.41016 1.41016 1.41016 1.41016 1.41016 1.41016 1.41016 1.41016 1.41016 1.41016 1.41016 1.41016 1.41016 1.41016 1.41016 1.41016 1.41016 1.41016 1.41016 1.41016 1.41016 1.41016 1.41016 1.41016 1.41016 1.41016 1.41016 1.41016 1.41016 1.41016 1.41016 1.41016 1.41016 1.41016 1.41016 1.41016 1.41016 1.41016 1.41016 1.41016 1.41016 1.41016 1.41016 1.41016 1.41016 1.41016 1.41016 1.41016 1.41016 1.41016 1.41016 1.41016 1.41016 1.41016 1.41016 1.41016 1.41016 1.41016 1.41016 1.41016 1.41016 1.41016 1.41016 1.41016 1.41016 1.41016 1.41016 1.41016 1.41016 1.41016 1.41016 1.41016 1.41016 1.41016 1.41016 1.41016 1.41016 
1.43026 1.43026 1.43026 1.43026 1.43026 1.43026 1.43026 1.43026 1.43026 1.43026 1.43026 1.43026 1.43026 1.43026 1.43026 1.43026 1.43026 1.43026 1.43026 1.43026 1.43026 1.43026 1.43026 1.43026 1.43026 1.43026 1.43026 1.43026 1.43026 1.43026 1.43026 1.43026 1.43026 1.43026 1.43026 1.43026 1.43026 1.43026 1.43026 1.43026 1.43026 1.43026 1.43026 1.43026 1.43026 1.43026 1.43026 1.43026 1.43026 1.43026 1.43026 1.43026 1.43026 1.43026 1.43026 1.43026 1.43026 1.43026 1.43026 1.43026 1.43026 1.43026 1.43026 1.43026 1.43026 1.43026 1.43026 1.43026 1.43026 1.43026 1.43026 1.43026 1.43026 1.43026 1.43026 1.43026 1.43026 1.43026 1.43026 1.43026 1.43026 1.43026 1.43026 1.43026 1.43026 1.43026 1.43026 1.43026 1.43026 1.43026 1.43026 1.43026 1.43026 1.43026 1.43026 1.43026 1.43026 1.43026 1.43026 1.43026 1.43026 
1.4504 1.4504 1.4504 1.4504 1.4504 1.4504 1.4504 1.4504 1.4504 1.4504 1.4504 1.4504 1.4504 1.4504 1.4504 1.4504 1.4504 1.4504 1.4504 1.4504 1.4504 1.4504 1.4504 1.4504 1.4504 1.4504 1.4504 1.4504 1.4504 1.4504 1.4504 1.4504 1.4504 1.4504 1.4504 1.4504 1.4504 1.4504 1.4504 1.4504 1.4504 1.4504 1.4504 1.4504 1.4504 1.4504 1.4504 1.4504 1.4504 1.4504 1.4504 1.4504 1.4504 1.4504 1.4504 1.4504 1.4504 1.4504 1.4504 1.4504 1.4504 1.4504 1.4504 1.4504 1.4504 1.4504 1.4504 1.4504 1.4504 1.4504 1.4504 1.4504 1.4504 1.4504 1.4504 1.4504 1.4504 1.4504 1.4504 1.4504 1.4504 1.4504 1.4504 1.4504 1.4504 1.4504 1.4504 1.4504 1.4504 1.4504 1.4504 1.4504 1.4504 1.4504 1.4504 1.4504 1.4504 1.4504 1.4504 1.4504 1.4504 
1.47059 1.47059 1.47059 1.47059 1.47059 1.47059 1.47059 1.47059 1.47059 1.47059 1.47059 1.47059 1.47059 1.47059 1.47059 1.47059 1.47059 1.47059 1.47059 1.47059 1.47059 1.47059 1.47059 1.47059 1.47059 1.47059 1.47059 1.47059 1.47059 1.47059 1.47059 1.47059 1.47059 1.47059 1.47059 1.47059 1.47059 1.47059 1.47059 1.47059 1.47059 1.47059 1.47059 1.47059 1.47059 1.47059 1.47059 1.47059 1.47059 1.47059 1.47059 1.47059 1.47059 1.47059 1.47059 1.47059 1.47059 1.47059 1.47059 1.47059 1.47059 1.47059 1.47059 1.47059 1.47059 1.47059 1.47059 1.47059 1.47059 1.47059 1.47059 1.47059 1.47059 1.47059 1.47059 1.47059 1.47059 1.47059 1.47059 1.47059 1.47059 1.47059 1.47059 1.47059 1.47059 1.47059 1.47059 1.47059 1.47059 1.47059 1.47059 1.47059 1.47059 1.47059 1.47059 1.47059 1.47059 1.47059 1.47059 1.47059 1.47059 
1.49083 1.49083 1.49083 1.49083 1.49083 1.49083 1.49083 1.49083 1.49083 1.49083 1.49083 1.49083 1.49083 1.49083 1.49083 1.49083 1.49083 1.49083 1.49083 1.49083 1.49083 1.49083 1.49083 1.49083 1.49083 1.49083 1.49083 1.49083 1.49083 1.49083 1.49083 1.49083 1.49083 1.49083 1.49083 1.49083 1.49083 1.49083 1.49083 1.49083 1.49083 1.49083 1.49083 1.49083 1.49083 1.49083 1.49083 1.49083 1.49083 1.49083 1.49083 1.49083 1.49083 1.49083 1.49083 1.49083 1.49083 1.49083 1.49083 1.49083 1.49083 1.49083 1.49083 1.49083 1.49083 1.49083 1.49083 1.49083 1.49083 1.49083 1.49083 1.49083 1.49083 1.49083 1.49083 1.49083 1.49083 1.49083 1.49083 1.49083 1.49083 1.49083 1.49083 1.49083 1.49083 1.49083 1.49083 1.49083 1.49083 1.49083 1.49083 1.49083 1.49083 1.49083 1.49083 1.49083 1.49083 1.49083 1.49083 1.49083 1.49083 
1.51114 1.51114 1.51114 1.51114 1.51114 1.51114 1.51114 1.51114 1.51114 1.51114 1.51114 1.51114 1.51114 1.51114 1.51114 1.51114 1.51114 1.51114 1.51114 1.51114 1.51114 1.51114 1.51114 1.51114 1.51114 1.51114 1.51114 1.51114 1.51114 1.51114 1.51114 1.51114 1.51114 1.51114 1.51114 1.51114 1.51114 1.51114 1.51114 1.51114 1.51114 1.51114 1.51114 1.51114 1.51114 1.51114 1.51114 1.51114 1.51114 1.51114 1.51114 1.51114 1.51114 1.51114 1.51114 1.51114 1.51114 1.51114 1.51114 1.51114 1.51114 1.51114 1.51114 1.51114 1.51114 1.51114 1.51114 1.51114 1.51114 1.51114 1.51114 1.51114 1.51114 1.51114 1.51114 1.51114 1.51114 1.51114 1.51114 1.51114 1.51114 1.51114 1.51114 1.51114 1.51114 1.51114 1.51114 1.51114 1.51114 1.51114 1.51114 1.51114 1.51114 1.51114 1.51114 1.51114 1.51114 1.51114 1.51114 1.51114 1.51114 
1.53154 1.53154 1.53154 1.53154 1.53154 1.53154 1.53154 1.53154 1.53154 1.53154 1.53154 1.53154 1.53154 1.53154 1.53154 1.53154 1.53154 1.53154 1.53154 1.53154 1.53154 1.53154 1.53154 1.53154 1.53154 1.53154 1.53154 1.53154 1.53154 1.53154 1.53154 1.53154 1.53154 1.53154 1.53154 1.53154 1.53154 1.53154 1.53154 1.53154 1.53154 1.53154 1.53154 1.53154 1.53154 1.53154 1.53154 1.53154 1.53154 1.53154 1.53154 1.53154 1.53154 1.53154 1.53154 1.53154 1.53154 1.53154 1.53154 1.53154 1.53154 1.53154 1.53154 1.53154 1.53154 1.53154 1.53154 1.53154 1.53154 1.53154 1.53154 1.53154 1.53154 1.53154 1.53154 1.53154 1.53154 1.53154 1.53154 1.53154 1.53154 1.53154 1.53154 1.53154 1.53154 1.53154 1.53154 1.53154 1.53154 1.53154 1.53154 1.53154 1.53154 1.53154 1.53154 1.53154 1.53154 1.53154 1.53154 1.53154 1.53154 
1.55203 1.55203 1.55203 1.55203 1.55203 1.55203 1.55203 1.55203 1.55202 1.55203 1.55203 1.55202 1.55203 1.55203 1.55203 1.55203 1.55203 1.55203 1.55202 1.55202 1.55203 1.55203 1.55203 1.55202 1.55203 1.55203 1.55203 1.55203 1.55203 1.55203 1.55203 1.55203 1.55203 1.55203 1.55203 1.55203 1.55202 1.55203 1.55203 1.55203 1.55203 1.55203 1.55203 1.55202 1.55203 1.55203 1.55202 1.55202 1.55203 1.55203 1.55203 1.55203 1.55203 1.55203 1.55203 1.55203 1.55203 1.55203 1.55203 1.55203 1.55203 1.55203 1.55203 1.55203 1.55203 1.55203 1.55203 1.55203 1.55203 1.55203 1.55203 1.55203 1.55203 1.55203 1.55203 1.55203 1.55203 1.55203 1.55203 1.55203 1.55203 1.55203 1.55203 1.55203 1.55203 1.55203 1.55203 1.55203 1.55203 1.55203 1.55203 1.55203 1.55203 1.55203 1.55203 1.55203 1.55203 1.55203 1.55203 1.55203 1.55203 
1.57262 1.57262 1.57262 1.57262 1.57262 1.57262 1.57262 1.57262 1.57262 1.57262 1.57262 1.57262 1.57262 1.57262 1.57262 1.57262 1.57262 1.57262 1.57262 1.57262 1.57262 1.57262 1.57262 1.57262 1.57262 1.57262 1.57262 1.57262 1.57262 1.57262 1.57262 1.57262 1.57262 1.57262 1.57262 1.57262 1.57262 1.57262 1.57262 1.57262 1.57262 1.57262 1.57262 1.57262 1.57262 1.57262 1.57262 1.57262 1.57262 1.57262 1.57262 1.57262 1.57262 1.57262 1.57262 1.57262 1.57262 1.57262 1.57262 1.57262 1.57262 1.57262 1.57262 1.57262 1.57262 1.57262 1.57262 1.57262 1.57262 1.57262 1.57262 1.57262 1.57262 1.57262 1.57262 1.57262 1.57262 1.57262 1.57262 1.57262 1.57262 1.57262 1.57262 1.57262 1.57262 1.57262 1.57262 1.57262 1.57262 1.57262 1.57262 1.57262 1.57262 1.57262 1.57262 1.57262 1.57262 1.57262 1.57262 1.57262 1.57262 
1.59334 1.59334 1.59334 1.59334 1.59334 1.59334 1.59334 1.59334 1.59334 1.59334 1.59334 1.59334 1.59334 1.59334 1.59334 1.59334 1.59334 1.59334 1.59334 1.59334 1.59334 1.59334 1.59334 1.59334 1.59334 1.59334 1.59334 1.59334 1.59334 1.59334 1.59334 1.59334 1.59334 1.59334 1.59334 1.59334 1.59334 1.59334 1.59334 1.59334 1.59334 1.59334 1.59334 1.59334 1.59334 1.59334 1.59334 1.59334 1.59334 1.59334 1.59334 1.59334 1.59334 1.59334 1.59334 1.59334 1.59334 1.59334 1.59334 1.59334 1.59334 1.59334 1.59334 1.59334 1.59334 1.59334 1.59334 1.59334 1.59334 1.59334 1.59334 1.59334 1.59334 1.59334 1.59334 1.59334 1.59334 1.59334 1.59334 1.59334 1.59334 1.59334 1.59334 1.59334 1.59334 1.59334 1.59334 1.59334 1.59334 1.59334 1.59334 1.59334 1.59334 1.59334 1.59334 1.59334 1.59334 1.59334 1.59334 1.59334 1.59334 
1.6142 1.6142 1.6142 1.6142 1.6142 1.6142 1.6142 1.6142 1.6142 1.6142 1.6142 1.6142 1.6142 1.6142 1.6142 1.6142 1.6142 1.6142 1.6142 1.6142 1.6142 1.6142 1.6142 1.6142 1.6142 1.6142 1.6142 1.6142 1.6142 1.6142 1.6142 1.6142 1.6142 1.6142 1.6142 1.6142 1.6142 1.6142 1.6142 1.6142 1.6142 1.6142 1.6142 1.6142 1.6142 1.6142 1.6142 1.6142 1.6142 1.6142 1.6142 1.6142 1.6142 1.6142 1.6142 1.6142 1.6142 1.6142 1.6142 1.6142 1.6142 1.6142 1.6142 1.6142 1.6142 1.6142 1.6142 1.6142 1.6142 1.6142 1.6142 1.6142 1.6142 1.6142 1.6142 1.6142 1.6142 1.6142 1.6142 1.6142 1.6142 1.6142 1.6142 1.6142 1.6142 1.6142 1.6142 1.6142 1.6142 1.6142 1.6142 1.6142 1.6142 1.6142 1.6142 1.6142 1.6142 1.6142 1.6142 1.6142 1.6142 
1.63521 1.63521 1.63521 1.63521 1.63521 1.63521 1.63521 1.63521 1.63521 1.63521 1.63521 1.63521 1.63521 1.63521 1.63521 1.63521 1.63521 1.63521 1.63521 1.63521 1.63521 1.63521 1.63521 1.63521 1.63521 1.63521 1.63521 1.63521 1.63521 1.63521 1.63521 1.63521 1.63521 1.63521 1.63521 1.63521 1.63521 1.63521 1.63521 1.63521 1.63521 1.63521 1.63521 1.63521 1.63521 1.63521 1.63521 1.63521 1.63521 1.63521 1.63521 1.63521 1.63521 1.63521 1.63521 1.63521 1.63521 1.63521 1.63521 1.63521 1.63521 1.63521 1.63521 1.63521 1.63521 1.63521 1.63521 1.63521 1.63521 1.63521 1.63521 1.63521 1.63521 1.63521 1.63521 1.63521 1.63521 1.63521 1.63521 1.63521 1.63521 1.63521 1.63521 1.63521 1.63521 1.63521 1.63521 1.63521 1.63521 1.63521 1.63521 1.63521 1.63521 1.63521 1.63521 1.63521 1.63521 1.63521 1.63521 1.63521 1.63521 
1.6564 1.6564 1.6564 1.6564 1.6564 1.6564 1.6564 1.6564 1.6564 1.6564 1.6564 1.6564 1.6564 1.6564 1.6564 1.6564 1.6564 1.6564 1.6564 1.6564 1.6564 1.6564 1.6564 1.6564 1.6564 1.6564 1.6564 1.6564 1.6564 1.6564 1.6564 1.6564 1.6564 1.6564 1.6564 1.6564 1.6564 1.6564 1.6564 1.6564 1.6564 1.6564 1.6564 1.6564 1.6564 1.6564 1.6564 1.6564 1.6564 1.6564 1.6564 1.6564 1.6564 1.6564 1.6564 1.6564 1.6564 1.6564 1.6564 1.6564 1.6564 1.6564 1.6564 1.6564 1.6564 1.6564 1.6564 1.6564 1.6564 1.6564 1.6564 1.6564 1.6564 1.6564 1.6564 1.6564 1.6564 1.6564 1.6564 1.6564 1.6564 1.6564 1.6564 1.6564 1.6564 1.6564 1.6564 1.6564 1.6564 1.6564 1.6564 1.6564 1.6564 1.6564 1.6564 1.6564 1.6564 1.6564 1.6564 1.6564 1.6564 
1.67778 1.67778 1.67778 1.67778 1.67778 1.67778 1.67778 1.67778 1.67778 1.67778 1.67778 1.67778 1.67778 1.67778 1.67778 1.67778 1.67778 1.67778 1.67778 1.67778 1.67778 1.67778 1.67778 1.67778 1.67778 1.67778 1.67778 1.67778 1.67778 1.67778 1.67778 1.67778 1.67778 1.67778 1.67778 1.67778 1.67778 1.67778 1.67778 1.67778 1.67778 1.67778 1.67778 1.67778 1.67778 1.67778 1.67778 1.67778 1.67778 1.67778 1.67778 1.67778 1.67778 1.67778 1.67778 1.67778 1.67778 1.67778 1.67778 1.67778 1.67778 1.67778 1.67778 1.67778 1.67778 1.67778 1.67778 1.67778 1.67778 1.67778 1.67778 1.67778 1.67778 1.67778 1.67778 1.67778 1.67778 1.67778 1.67778 1.67778 1.67778 1.67778 1.67778 1.67778 1.67778 1.67778 1.67778 1.67778 1.67778 1.67778 1.67778 1.67778 1.67778 1.67778 1.67778 1.67778 1.67778 1.67778 1.67778 1.67778 1.67778 
1.69937 1.69937 1.69937 1.69937 1.69937 1.69937 1.69937 1.69937 1.69937 1.69937 1.69937 1.69937 1.69937 1.69937 1.69937 1.69937 1.69937 1.69937 1.69937 1.69937 1.69937 1.69937 1.69937 1.69937 1.69937 1.69937 1.69937 1.69937 1.69937 1.69937 1.69937 1.69937 1.69937 1.69937 1.69937 1.69937 1.69937 1.69937 1.69937 1.69937 1.69937 1.69937 1.69937 1.69937 1.69937 1.69937 1.69937 1.69937 1.69937 1.69937 1.69937 1.69937 1.69937 1.69937 1.69937 1.69937 1.69937 1.69937 1.69937 1.69937 1.69937 1.69937 1.69937 1.69937 1.69937 1.69937 1.69937 1.69937 1.69937 1.69937 1.69937 1.69937 1.69937 1.69937 1.69937 1.69937 1.69937 1.69937 1.69937 1.69937 1.69937 1.69937 1.69937 1.69937 1.69937 1.69937 1.69937 1.69937 1.69937 1.69937 1.69937 1.69937 1.69937 1.69937 1.69937 1.69937 1.69937 1.69937 1.69937 1.69937 1.69937 
1.72119 1.72119 1.72119 1.72119 1.72119 1.72119 1.72119 1.72119 1.72119 1.72119 1.72119 1.72119 1.72119 1.72119 1.72119 1.72119 1.72119 1.72119 1.72119 1.72119 1.72119 1.72119 1.72119 1.72119 1.72119 1.72119 1.72119 1.72119 1.72119 1.72119 1.72119 1.72119 1.72119 1.72119 1.72119 1.72119 1.72119 1.72119 1.72119 1.72119 1.72119 1.72119 1.72119 1.72119 1.72119 1.72119 1.72119 1.72119 1.72119 1.72119 1.72119 1.72119 1.72119 1.72119 1.72119 1.72119 1.72119 1.72119 1.72119 1.72119 1.72119 1.72119 1.72119 1.72119 1.72119 1.72119 1.72119 1.72119 1.72119 1.72119 1.72119 1.72119 1.72119 1.72119 1.72119 1.72119 1.72119 1.72119 1.72119 1.72119 1.72119 1.72119 1.72119 1.72119 1.72119 1.72119 1.72119 1.72119 1.72119 1.72119 1.72119 1.72119 1.72119 1.72119 1.72119 1.72119 1.72119 1.72119 1.72119 1.72119 1.72119 
1.74327 1.74327 1.74327 1.74327 1.74327 1.74327 1.74327 1.74327 1.74327 1.74327 1.74327 1.74327 1.74327 1.74327 1.74327 1.74327 1.74327 1.74327 1.74327 1.74327 1.74327 1.74327 1.74327 1.74327 1.74327 1.74327 1.74327 1.74327 1.74327 1.74327 1.74327 1.74327 1.74327 1.74327 1.74327 1.74327 1.74327 1.74327 1.74327 1.74327 1.74327 1.74327 1.74327 1.74327 1.74327 1.74327 1.74327 1.74327 1.74327 1.74327 1.74327 1.74327 1.74327 1.74327 1.74327 1.74327 1.74327 1.74327 1.74327 1.74327 1.74327 1.74327 1.74327 1.74327 1.74327 1.74327 1.74327 1.74327 1.74327 1.74327 1.74327 1.74327 1.74327 1.74327 1.74327 1.74327 1.74327 1.74327 1.74327 1.74327 1.74327 1.74327 1.74327 1.74327 1.74327 1.74327 1.74327 1.74327 1.74327 1.74327 1.74327 1.74327 1.74327 1.74327 1.74327 1.74327 1.74327 1.74327 1.74327 1.74327 1.74327 
1.76562 1.76562 1.76562 1.76562 1.76563 1.76562 1.76563 1.76562 1.76562 1.76562 1.76562 1.76562 1.76562 1.76562 1.76562 1.76562 1.76562 1.76562 1.76562 1.76562 1.76562 1.76562 1.76562 1.76562 1.76562 1.76562 1.76562 1.76563 1.76563 1.76562 1.76562 1.76562 1.76563 1.76562 1.76562 1.76563 1.76562 1.76562 1.76562 1.76562 1.76562 1.76562 1.76562 1.76562 1.76562 1.76562 1.76562 1.76562 1.76562 1.76562 1.76562 1.76562 1.76562 1.76562 1.76563 1.76562 1.76562 1.76562 1.76562 1.76562 1.76562 1.76562 1.76562 1.76562 1.76562 1.76562 1.76562 1.76562 1.76562 1.76562 1.76562 1.76562 1.76562 1.76562 1.76563 1.76562 1.76562 1.76562 1.76562 1.76562 1.76562 1.76562 1.76562 1.76562 1.76562 1.76562 1.76562 1.76562 1.76562 1.76562 1.76562 1.76562 1.76562 1.76562 1.76562 1.76562 1.76562 1.76562 1.76562 1.76562 1.76562 
1.78828 1.78828 1.78828 1.78828 1.78828 1.78828 1.78828 1.78828 1.78828 1.78828 1.78828 1.78828 1.78828 1.78828 1.78828 1.78828 1.78828 1.78828 1.78828 1.78828 1.78828 1.78828 1.78828 1.78828 1.78828 1.78828 1.78828 1.78828 1.78828 1.78828 1.78828 1.78828 1.78828 1.78828 1.78828 1.78828 1.78828 1.78828 1.78828 1.78828 1.78828 1.78828 1.78828 1.78828 1.78828 1.78828 1.78828 1.78828 1.78828 1.78828 1.78828 1.78828 1.78828 1.78828 1.78828 1.78828 1.78828 1.78828 1.78828 1.78828 1.78828 1.78828 1.78828 1.78828 1.78828 1.78828 1.78828 1.78828 1.78828 1.78828 1.78828 1.78828 1.78828 1.78828 1.78828 1.78828 1.78828 1.78828 1.78828 1.78828 1.78828 1.78828 1.78828 1.78828 1.78828 1.78828 1.78828 1.78828 1.78828 1.78828 1.78828 1.78828 1.78828 1.78828 1.78828 1.78828 1.78828 1.78828 1.78828 1.78828 1.78828 
1.81126 1.81126 1.81126 1.81126 1.81126 1.81126 1.81126 1.81126 1.81126 1.81126 1.81126 1.81126 1.81126 1.81126 1.81126 1.81126 1.81126 1.81126 1.81126 1.81126 1.81126 1.81126 1.81126 1.81126 1.81126 1.81126 1.81126 1.81126 1.81126 1.81126 1.81126 1.81126 1.81126 1.81126 1.81126 1.81126 1.81126 1.81126 1.81126 1.81126 1.81126 1.81126 1.81126 1.81126 1.81126 1.81126 1.81126 1.81126 1.81126 1.81126 1.81126 1.81126 1.81126 1.81126 1.81126 1.81126 1.81126 1.81126 1.81126 1.81126 1.81126 1.81126 1.81126 1.81126 1.81126 1.81126 1.81126 1.81126 1.81126 1.81126 1.81126 1.81126 1.81126 1.81126 1.81126 1.81126 1.81126 1.81126 1.81126 1.81126 1.81126 1.81126 1.81126 1.81126 1.81126 1.81126 1.81126 1.81126 1.81126 1.81126 1.81126 1.81126 1.81126 1.81126 1.81126 1.81126 1.81126 1.81126 1.81126 1.81126 1.81126 
1.83459 1.83459 1.83459 1.83459 1.83459 1.83459 1.83459 1.83459 1.83459 1.83459 1.83459 1.83459 1.83459 1.83459 1.83459 1.83459 1.83459 1.83459 1.83459 1.83459 1.83459 1.83459 1.83459 1.83459 1.83459 1.83459 1.83459 1.83459 1.83459 1.83459 1.83459 1.83459 1.83459 1.83459 1.83459 1.83459 1.83459 1.83459 1.83459 1.83459 1.83459 1.83459 1.83459 1.83459 1.83459 1.83459 1.83459 1.83459 1.83459 1.83459 1.83459 1.83459 1.83459 1.83459 1.83459 1.83459 1.83459 1.83459 1.83459 1.83459 1.83459 1.83459 1.83459 1.83459 1.83459 1.83459 1.83459 1.83459 1.83459 1.83459 1.83459 1.83459 1.83459 1.83459 1.83459 1.83459 1.83459 1.83459 1.83459 1.83459 1.83459 1.83459 1.83459 1.83459 1.83459 1.83459 1.83459 1.83459 1.83459 1.83459 1.83459 1.83459 1.83459 1.83459 1.83459 1.83459 1.83459 1.83459 1.83459 1.83459 1.83459 
1.85829 1.85829 1.85829 1.85829 1.85829 1.85829 1.85829 1.85829 1.85829 1.85829 1.85829 1.85829 1.85829 1.85829 1.85829 1.85829 1.85829 1.85829 1.85829 1.85829 1.85829 1.85829 1.85829 1.85829 1.85829 1.85829 1.85829 1.85829 1.85829 1.85829 1.85829 1.85829 1.85829 1.85829 1.85829 1.85829 1.85829 1.85829 1.85829 1.85829 1.85829 1.85829 1.85829 1.85829 1.85829 1.85829 1.85829 1.85829 1.85829 1.85829 1.85829 1.85829 1.85829 1.85829 1.85829 1.85829 1.85829 1.85829 1.85829 1.85829 1.85829 1.85829 1.85829 1.85829 1.85829 1.85829 1.85829 1.85829 1.85829 1.85829 1.85829 1.85829 1.85829 1.85829 1.85829 1.85829 1.85829 1.85829 1.85829 1.85829 1.85829 1.85829 1.85829 1.85829 1.85829 1.85829 1.85829 1.85829 1.85829 1.85829 1.85829 1.85829 1.85829 1.85829 1.85829 1.85829 1.85829 1.85829 1.85829 1.85829 1.85829 
1.8824 1.8824 1.8824 1.8824 1.8824 1.8824 1.8824 1.8824 1.8824 1.8824 1.8824 1.8824 1.8824 1.8824 1.8824 1.8824 1.8824 1.8824 1.8824 1.8824 1.8824 1.8824 1.8824 1.8824 1.8824 1.8824 1.8824 1.8824 1.8824 1.8824 1.8824 1.8824 1.8824 1.8824 1.8824 1.8824 1.8824 1.8824 1.8824 1.8824 1.8824 1.8824 1.8824 1.8824 1.8824 1.8824 1.8824 1.8824 1.8824 1.8824 1.8824 1.8824 1.8824 1.8824 1.8824 1.8824 1.8824 1.8824 1.8824 1.8824 1.8824 1.8824 1.8824 1.8824 1.8824 1.8824 1.8824 1.8824 1.8824 1.8824 1.8824 1.8824 1.8824 1.8824 1.8824 1.8824 1.8824 1.8824 1.8824 1.8824 1.8824 1.8824 1.8824 1.8824 1.8824 1.8824 1.8824 1.8824 1.8824 1.8824 1.8824 1.8824 1.8824 1.8824 1.8824 1.8824 1.8824 1.8824 1.8824 1.8824 1.8824 
1.90694 1.90694 1.90694 1.90694 1.90694 1.90694 1.90694 1.90694 1.90694 1.90694 1.90694 1.90694 1.90694 1.90694 1.90694 1.90694 1.90694 1.90694 1.90694 1.90694 1.90694 1.90694 1.90694 1.90694 1.90694 1.90694 1.90694 1.90694 1.90694 1.90694 1.90694 1.90694 1.90694 1.90694 1.90694 1.90694 1.90694 1.90694 1.90694 1.90694 1.90694 1.90694 1.90694 1.90694 1.90694 1.90694 1.90694 1.90694 1.90694 1.90694 1.90694 1.90694 1.90694 1.90694 1.90694 1.90694 1.90694 1.90694 1.90694 1.90694 1.90694 1.90694 1.90694 1.90694 1.90694 1.90694 1.90694 1.90694 1.90694 1.90694 1.90694 1.90694 1.90694 1.90694 1.90694 1.90694 1.90694 1.90694 1.90694 1.90694 1.90694 1.90694 1.90694 1.90694 1.90694 1.90694 1.90694 1.90694 1.90694 1.90694 1.90694 1.90694 1.90694 1.90694 1.90694 1.90694 1.90694 1.90694 1.90694 1.90694 1.90694 
1.93194 1.93194 1.93194 1.93194 1.93194 1.93194 1.93194 1.93194 1.93194 1.93194 1.93194 1.93194 1.93194 1.93194 1.93194 1.93194 1.93194 1.93194 1.93194 1.93194 1.93194 1.93194 1.93194 1.93194 1.93194 1.93194 1.93194 1.93194 1.93194 1.93194 1.93194 1.93194 1.93194 1.93194 1.93194 1.93194 1.93194 1.93194 1.93194 1.93194 1.93194 1.93194 1.93194 1.93194 1.93194 1.93194 1.93194 1.93194 1.93194 1.93194 1.93194 1.93194 1.93194 1.93194 1.93194 1.93194 1.93194 1.93194 1.93194 1.93194 1.93194 1.93194 1.93194 1.93194 1.93194 1.93194 1.93194 1.93194 1.93194 1.93194 1.93194 1.93194 1.93194 1.93194 1.93194 1.93194 1.93194 1.93194 1.93194 1.93194 1.93194 1.93194 1.93194 1.93194 1.93194 1.93194 1.93194 1.93194 1.93194 1.93194 1.93194 1.93194 1.93194 1.93194 1.93194 1.93194 1.93194 1.93194 1.93194 1.93194 1.93194 
1.95744 1.95744 1.95744 1.95744 1.95744 1.95744 1.95744 1.95744 1.95744 1.95744 1.95744 1.95744 1.95744 1.95744 1.95744 1.95744 1.95744 1.95744 1.95744 1.95744 1.95744 1.95744 1.95744 1.95744 1.95744 1.95744 1.95744 1.95744 1.95744 1.95744 1.95744 1.95744 1.95744 1.95744 1.95744 1.95744 1.95744 1.95744 1.95744 1.95744 1.95744 1.95744 1.95744 1.95744 1.95744 1.95744 1.95744 1.95744 1.95744 1.95744 1.95744 1.95744 1.95744 1.95744 1.95744 1.95744 1.95744 1.95744 1.95744 1.95744 1.95744 1.95744 1.95744 1.95744 1.95744 1.95744 1.95744 1.95744 1.95744 1.95744 1.95744 1.95744 1.95744 1.95744 1.95744 1.95744 1.95744 1.95744 1.95744 1.95744 1.95744 1.95744 1.95744 1.95744 1.95744 1.95744 1.95744 1.95744 1.95744 1.95744 1.95744 1.95744 1.95744 1.95744 1.95744 1.95744 1.95744 1.95744 1.95744 1.95744 1.95744 
1.98345 1.98345 1.98345 1.98345 1.98345 1.98345 1.98345 1.98345 1.98345 1.98345 1.98345 1.98345 1.98345 1.98345 1.98345 1.98345 1.98345 1.98345 1.98345 1.98345 1.98345 1.98345 1.98345 1.98345 1.98345 1.98345 1.98345 1.98345 1.98345 1.98345 1.98345 1.98345 1.98345 1.98345 1.98345 1.98345 1.98345 1.98345 1.98345 1.98345 1.98345 1.98345 1.98345 1.98345 1.98345 1.98345 1.98345 1.98345 1.98345 1.98345 1.98345 1.98345 1.98345 1.98345 1.98345 1.98345 1.98345 1.98345 1.98345 1.98345 1.98345 1.98345 1.98345 1.98345 1.98345 1.98345 1.98345 1.98345 1.98345 1.98345 1.98345 1.98345 1.98345 1.98345 1.98345 1.98345 1.98345 1.98345 1.98345 1.98345 1.98345 1.98345 1.98345 1.98345 1.98345 1.98345 1.98345 1.98345 1.98345 1.98345 1.98345 1.98345 1.98345 1.98345 1.98345 1.98345 1.98345 1.98345 1.98345 1.98345 1.98345 
2.01003 2.01002 2.01002 2.01003 2.01003 2.01003 2.01003 2.01003 2.01003 2.01003 2.01003 2.01002 2.01003 2.01003 2.01002 2.01002 2.01003 2.01003 2.01003 2.01002 2.01002 2.01003 2.01003 2.01002 2.01003 2.01003 2.01003 2.01003 2.01003 2.01003 2.01002 2.01003 2.01003 2.01003 2.01002 2.01003 2.01002 2.01003 2.01003 2.01003 2.01003 2.01003 2.01003 2.01002 2.01003 2.01003 2.01003 2.01003 2.01003 2.01002 2.01003 2.01002 2.01003 2.01003 2.01003 2.01003 2.01003 2.01003 2.01003 2.01003 2.01003 2.01003 2.01003 2.01003 2.01003 2.01002 2.01003 2.01003 2.01002 2.01003 2.01003 2.01003 2.01003 2.01003 2.01003 2.01003 2.01003 2.01002 2.01003 2.01003 2.01003 2.01003 2.01003 2.01003 2.01003 2.01003 2.01003 2.01003 2.01003 2.01003 2.01003 2.01003 2.01003 2.01003 2.01003 2.01003 2.01003 2.01003 2.01003 2.01003 2.01003 
2.03718 2.03718 2.03718 2.03718 2.03718 2.03718 2.03718 2.03718 2.03718 2.03718 2.03718 2.03718 2.03718 2.03718 2.03718 2.03718 2.03718 2.03718 2.03718 2.03718 2.03718 2.03718 2.03718 2.03718 2.03718 2.03718 2.03718 2.03718 2.03718 2.03718 2.03718 2.03718 2.03718 2.03718 2.03718 2.03718 2.03718 2.03718 2.03718 2.03718 2.03718 2.03718 2.03718 2.03718 2.03718 2.03718 2.03718 2.03718 2.03718 2.03718 2.03718 2.03718 2.03718 2.03718 2.03718 2.03718 2.03718 2.03718 2.03718 2.03718 2.03718 2.03718 2.03718 2.03718 2.03718 2.03718 2.03718 2.03718 2.03718 2.03718 2.03718 2.03718 2.03718 2.03718 2.03718 2.03718 2.03718 2.03718 2.03718 2.03718 2.03718 2.03718 2.03718 2.03718 2.03718 2.03718 2.03718 2.03718 2.03718 2.03718 2.03718 2.03718 2.03718 2.03718 2.03718 2.03718 2.03718 2.03718 2.03718 2.03718 2.03718 
2.06497 2.06497 2.06497 2.06497 2.06497 2.06497 2.06497 2.06497 2.06497 2.06497 2.06497 2.06497 2.06497 2.06497 2.06497 2.06497 2.06497 2.06497 2.06497 2.06497 2.06497 2.06497 2.06497 2.06497 2.06497 2.06497 2.06497 2.06497 2.06497 2.06497 2.06497 2.06497 2.06497 2.06497 2.06497 2.06497 2.06497 2.06497 2.06497 2.06497 2.06497 2.06497 2.06497 2.06497 2.06497 2.06497 2.06497 2.06497 2.06497 2.06497 2.06497 2.06497 2.06497 2.06497 2.06497 2.06497 2.06497 2.06497 2.06497 2.06497 2.06497 2.06497 2.06497 2.06497 2.06497 2.06497 2.06497 2.06497 2.06497 2.06497 2.06497 2.06497 2.06497 2.06497 2.06497 2.06497 2.06497 2.06497 2.06497 2.06497 2.06497 2.06497 2.06497 2.06497 2.06497 2.06497 2.06497 2.06497 2.06497 2.06497 2.06497 2.06497 2.06497 2.06497 2.06497 2.06497 2.06497 2.06497 2.06497 2.06497 2.06497 
2.09341 2.09341 2.09341 2.09341 2.09341 2.09341 2.09341 2.09341 2.09341 2.09341 2.09341 2.09341 2.09341 2.09341 2.09341 2.09341 2.09341 2.09341 2.09341 2.09341 2.09341 2.09341 2.09341 2.09341 2.09341 2.09341 2.09341 2.09341 2.09341 2.09341 2.09341 2.09341 2.09341 2.09341 2.09341 2.09341 2.09341 2.09341 2.09341 2.09341 2.09341 2.09341 2.09341 2.09341 2.09341 2.09341 2.09341 2.09341 2.09341 2.09341 2.09341 2.09341 2.09341 2.09341 2.09341 2.09341 2.09341 2.09341 2.09341 2.09341 2.09341 2.09341 2.09341 2.09341 2.09341 2.09341 2.09341 2.09341 2.09341 2.09341 2.09341 2.09341 2.09341 2.09341 2.09341 2.09341 2.09341 2.09341 2.09341 2.09341 2.09341 2.09341 2.09341 2.09341 2.09341 2.09341 2.09341 2.09341 2.09341 2.09341 2.09341 2.09341 2.09341 2.09341 2.09341 2.09341 2.09341 2.09341 2.09341 2.09341 2.09341 
2.12254 2.12254 2.12254 2.12254 2.12254 2.12254 2.12254 2.12254 2.12254 2.12254 2.12254 2.12254 2.12254 2.12254 2.12254 2.12254 2.12254 2.12254 2.12254 2.12254 2.12254 2.12254 2.12254 2.12254 2.12254 2.12254 2.12254 2.12254 2.12254 2.12254 2.12254 2.12254 2.12254 2.12254 2.12254 2.12254 2.12254 2.12254 2.12254 2.12254 2.12254 2.12254 2.12254 2.12254 2.12254 2.12254 2.12254 2.12254 2.12254 2.12254 2.12254 2.12254 2.12254 2.12254 2.12254 2.12254 2.12254 2.12254 2.12254 2.12254 2.12254 2.12254 2.12254 2.12254 2.12254 2.12254 2.12254 2.12254 2.12254 2.12254 2.12254 2.12254 2.12254 2.12254 2.12254 2.12254 2.12254 2.12254 2.12254 2.12254 2.12254 2.12254 2.12254 2.12254 2.12254 2.12254 2.12254 2.12254 2.12254 2.12254 2.12254 2.12254 2.12254 2.12254 2.12254 2.12254 2.12254 2.12254 2.12254 2.12254 2.12254 
2.1524 2.1524 2.1524 2.1524 2.1524 2.1524 2.1524 2.1524 2.1524 2.1524 2.1524 2.1524 2.1524 2.1524 2.1524 2.1524 2.1524 2.1524 2.1524 2.1524 2.1524 2.1524 2.1524 2.1524 2.1524 2.1524 2.1524 2.1524 2.1524 2.1524 2.1524 2.1524 2.1524 2.1524 2.1524 2.1524 2.1524 2.1524 2.1524 2.1524 2.1524 2.1524 2.1524 2.1524 2.1524 2.1524 2.1524 2.1524 2.1524 2.1524 2.1524 2.1524 2.1524 2.1524 2.1524 2.1524 2.1524 2.1524 2.1524 2.1524 2.1524 2.1524 2.1524 2.1524 2.1524 2.1524 2.1524 2.1524 2.1524 2.1524 2.1524 2.1524 2.1524 2.1524 2.1524 2.1524 2.1524 2.1524 2.1524 2.1524 2.1524 2.1524 2.1524 2.1524 2.1524 2.1524 2.1524 2.1524 2.1524 2.1524 2.1524 2.1524 2.1524 2.1524 2.1524 2.1524 2.1524 2.1524 2.1524 2.1524 2.1524 
2.18303 2.18303 2.18303 2.18303 2.18303 2.18303 2.18303 2.18303 2.18303 2.18303 2.18303 2.18303 2.18303 2.18303 2.18303 2.18303 2.18303 2.18303 2.18303 2.18303 2.18303 2.18303 2.18303 2.18303 2.18303 2.18303 2.18303 2.18303 2.18303 2.18303 2.18303 2.18303 2.18303 2.18303 2.18303 2.18303 2.18303 2.18303 2.18303 2.18303 2.18303 2.18303 2.18303 2.18303 2.18303 2.18303 2.18303 2.18303 2.18303 2.18303 2.18303 2.18303 2.18303 2.18303 2.18303 2.18303 2.18303 2.18303 2.18303 2.18303 2.18303 2.18303 2.18303 2.18303 2.18303 2.18303 2.18303 2.18303 2.18303 2.18303 2.18303 2.18303 2.18303 2.18303 2.18303 2.18303 2.18303 2.18303 2.18303 2.18303 2.18303 2.18303 2.18303 2.18303 2.18303 2.18303 2.18303 2.18303 2.18303 2.18303 2.18303 2.18303 2.18303 2.18303 2.18303 2.18303 2.18303 2.18303 2.18303 2.18303 2.18303 
2.21447 2.21447 2.21447 2.21447 2.21447 2.21447 2.21447 2.21447 2.21447 2.21447 2.21447 2.21447 2.21447 2.21447 2.21447 2.21447 2.21447 2.21447 2.21447 2.21447 2.21447 2.21447 2.21447 2.21447 2.21447 2.21447 2.21447 2.21447 2.21447 2.21447 2.21447 2.21447 2.21447 2.21447 2.21447 2.21447 2.21447 2.21447 2.21447 2.21447 2.21447 2.21447 2.21447 2.21447 2.21447 2.21447 2.21447 2.21447 2.21447 2.21447 2.21447 2.21447 2.21447 2.21447 2.21447 2.21447 2.21447 2.21447 2.21447 2.21447 2.21447 2.21447 2.21447 2.21447 2.21447 2.21447 2.21447 2.21447 2.21447 2.21447 2.21447 2.21447 2.21447 2.21447 2.21447 2.21447 2.21447 2.21447 2.21447 2.21447 2.21447 2.21447 2.21447 2.21447 2.21447 2.21447 2.21447 2.21447 2.21447 2.21447 2.21447 2.21447 2.21447 2.21447 2.21447 2.21447 2.21447 2.21447 2.21447 2.21447 2.21447 
2.24675 2.24675 2.24675 2.24675 2.24675 2.24675 2.24675 2.24675 2.24675 2.24675 2.24675 2.24675 2.24675 2.24675 2.24675 2.24675 2.24675 2.24675 2.24675 2.24675 2.24675 2.24675 2.24675 2.24675 2.24675 2.24675 2.24675 2.24675 2.24675 2.24675 2.24675 2.24675 2.24675 2.24675 2.24675 2.24675 2.24675 2.24675 2.24675 2.24675 2.24675 2.24675 2.24675 2.24675 2.24675 2.24675 2.24675 2.24675 2.24675 2.24675 2.24675 2.24675 2.24675 2.24675 2.24675 2.24675 2.24675 2.24675 2.24675 2.24675 2.24675 2.24675 2.24675 2.24675 2.24675 2.24675 2.24675 2.24675 2.24675 2.24675 2.24675 2.24675 2.24675 2.24675 2.24675 2.24675 2.24675 2.24675 2.24675 2.24675 2.24675 2.24675 2.24675 2.24675 2.24675 2.24675 2.24675 2.24675 2.24675 2.24675 2.24675 2.24675 2.24675 2.24675 2.24675 2.24675 2.24675 2.24675 2.24675 2.24675 2.24675 
2.27992 2.27992 2.27992 2.27992 2.27992 2.27992 2.27992 2.27992 2.27992 2.27992 2.27992 2.27992 2.27992 2.27992 2.27992 2.27992 2.27992 2.27992 2.27992 2.27992 2.27992 2.27992 2.27992 2.27992 2.27992 2.27992 2.27992 2.27992 2.27992 2.27992 2.27992 2.27992 2.27992 2.27992 2.27992 2.27992 2.27992 2.27992 2.27992 2.27992 2.27992 2.27992 2.27992 2.27992 2.27992 2.27992 2.27992 2.27992 2.27992 2.27992 2.27992 2.27992 2.27992 2.27992 2.27992 2.27992 2.27992 2.27992 2.27992 2.27992 2.27992 2.27992 2.27992 2.27992 2.27992 2.27992 2.27992 2.27992 2.27992 2.27992 2.27992 2.27992 2.27992 2.27992 2.27992 2.27992 2.27992 2.27992 2.27992 2.27992 2.27992 2.27992 2.27992 2.27992 2.27992 2.27992 2.27992 2.27992 2.27992 2.27992 2.27992 2.27992 2.27992 2.27992 2.27992 2.27992 2.27992 2.27992 2.27992 2.27992 2.27992 
2.31402 2.31402 2.31402 2.31403 2.31403 2.31403 2.31403 2.31403 2.31403 2.31403 2.31403 2.31402 2.31403 2.31402 2.31402 2.31402 2.31403 2.31403 2.31403 2.31402 2.31403 2.31403 2.31402 2.31402 2.31402 2.31402 2.31403 2.31403 2.31403 2.31403 2.31402 2.31403 2.31403 2.31403 2.31402 2.31403 2.31402 2.31403 2.31402 2.31402 2.31402 2.31402 2.31403 2.31402 2.31403 2.31403 2.31403 2.31403 2.31402 2.31402 2.31402 2.31402 2.31402 2.31402 2.31403 2.31402 2.31402 2.31402 2.31402 2.31402 2.31402 2.31402 2.31402 2.31402 2.31402 2.31402 2.31402 2.31402 2.31402 2.31402 2.31403 2.31402 2.31403 2.31403 2.31403 2.31402 2.31402 2.31402 2.31402 2.31402 2.31402 2.31402 2.31402 2.31402 2.31403 2.31403 2.31402 2.31402 2.31402 2.31402 2.31402 2.31402 2.31402 2.31402 2.31403 2.31402 2.31403 2.31402 2.31402 2.31402 2.31402 
2.3491 2.3491 2.3491 2.3491 2.3491 2.3491 2.3491 2.3491 2.3491 2.3491 2.3491 2.3491 2.3491 2.3491 2.3491 2.3491 2.3491 2.3491 2.3491 2.3491 2.3491 2.3491 2.3491 2.3491 2.3491 2.3491 2.3491 2.3491 2.3491 2.3491 2.3491 2.3491 2.3491 2.3491 2.3491 2.3491 2.3491 2.3491 2.3491 2.3491 2.3491 2.3491 2.3491 2.3491 2.3491 2.3491 2.3491 2.3491 2.3491 2.3491 2.3491 2.3491 2.3491 2.3491 2.3491 2.3491 2.3491 2.3491 2.3491 2.3491 2.3491 2.3491 2.3491 2.3491 2.3491 2.3491 2.3491 2.3491 2.3491 2.3491 2.3491 2.3491 2.3491 2.3491 2.3491 2.3491 2.3491 2.3491 2.3491 2.3491 2.3491 2.3491 2.3491 2.3491 2.3491 2.3491 2.3491 2.3491 2.3491 2.3491 2.3491 2.3491 2.3491 2.3491 2.3491 2.3491 2.3491 2.3491 2.3491 2.3491 2.3491 
2.38519 2.38519 2.38519 2.38519 2.38519 2.38519 2.38519 2.38519 2.38519 2.38519 2.38519 2.38519 2.38519 2.38519 2.38519 2.38519 2.38519 2.38519 2.38519 2.38519 2.38519 2.38519 2.38519 2.38519 2.38519 2.38519 2.38519 2.38519 2.38519 2.38519 2.38519 2.38519 2.38519 2.38519 2.38519 2.38519 2.38519 2.38519 2.38519 2.38519 2.38519 2.38519 2.38519 2.38519 2.38519 2.38519 2.38519 2.38519 2.38519 2.38519 2.38519 2.38519 2.38519 2.38519 2.38519 2.38519 2.38519 2.38519 2.38519 2.38519 2.38519 2.38519 2.38519 2.38519 2.38519 2.38519 2.38519 2.38519 2.38519 2.38519 2.38519 2.38519 2.38519 2.38519 2.38519 2.38519 2.38519 2.38519 2.38519 2.38519 2.38519 2.38519 2.38519 2.38519 2.38519 2.38519 2.38519 2.38519 2.38519 2.38519 2.38519 2.38519 2.38519 2.38519 2.38519 2.38519 2.38519 2.38519 2.38519 2.38519 2.38519 
2.42234 2.42234 2.42234 2.42234 2.42234 2.42234 2.42234 2.42234 2.42234 2.42234 2.42234 2.42234 2.42234 2.42234 2.42234 2.42234 2.42234 2.42234 2.42234 2.42234 2.42234 2.42234 2.42234 2.42234 2.42234 2.42234 2.42234 2.42234 2.42234 2.42234 2.42234 2.42234 2.42234 2.42234 2.42234 2.42234 2.42234 2.42234 2.42234 2.42234 2.42234 2.42234 2.42234 2.42234 2.42234 2.42234 2.42234 2.42234 2.42234 2.42234 2.42234 2.42234 2.42234 2.42234 2.42234 2.42234 2.42234 2.42234 2.42234 2.42234 2.42234 2.42234 2.42234 2.42234 2.42234 2.42234 2.42234 2.42234 2.42234 2.42234 2.42234 2.42234 2.42234 2.42234 2.42234 2.42234 2.42234 2.42234 2.42234 2.42234 2.42234 2.42234 2.42234 2.42234 2.42234 2.42234 2.42234 2.42234 2.42234 2.42234 2.42234 2.42234 2.42234 2.42234 2.42234 2.42234 2.42234 2.42234 2.42234 2.42234 2.42234 
2.46059 2.46059 2.46059 2.46059 2.46059 2.46059 2.46059 2.46059 2.46059 2.46059 2.46059 2.46059 2.46059 2.46059 2.46059 2.46059 2.46059 2.46059 2.46059 2.46059 2.46059 2.46059 2.46059 2.46059 2.46059 2.46059 2.46059 2.46059 2.46059 2.46059 2.46059 2.46059 2.46059 2.46059 2.46059 2.46059 2.46059 2.46059 2.46059 2.46059 2.46059 2.46059 2.46059 2.46059 2.46059 2.46059 2.46059 2.46059 2.46059 2.46059 2.46059 2.46059 2.46059 2.46059 2.46059 2.46059 2.46059 2.46059 2.46059 2.46059 2.46059 2.46059 2.46059 2.46059 2.46059 2.46059 2.46059 2.46059 2.46059 2.46059 2.46059 2.46059 2.46059 2.46059 2.46059 2.46059 2.46059 2.46059 2.46059 2.46059 2.46059 2.46059 2.46059 2.46059 2.46059 2.46059 2.46059 2.46059 2.46059 2.46059 2.46059 2.46059 2.46059 2.46059 2.46059 2.46059 2.46059 2.46059 2.46059 2.46059 2.46059 
2.5 2.5 2.5 2.5 2.5 2.5 2.5 2.5 2.5 2.5 2.5 2.5 2.5 2.5 2.5 2.5 2.5 2.5 2.5 2.5 2.5 2.5 2.5 2.5 2.5 2.5 2.5 2.5 2.5 2.5 2.5 2.5 2.5 2.5 2.5 2.5 2.5 2.5 2.5 2.5 2.5 2.5 2.5 2.5 2.5 2.5 2.5 2.5 2.5 2.5 2.5 2.5 2.5 2.5 2.5 2.5 2.5 2.5 2.5 2.5 2.5 2.5 2.5 2.5 2.5 2.5 2.5 2.5 2.5 2.5 2.5 2.5 2.5 2.5 2.5 2.5 2.5 2.5 2.5 2.5 2.5 2.5 2.5 2.5 2.5 2.5 2.5 2.5 2.5 2.5 2.5 2.5 2.5 2.5 2.5 2.5 2.5 2.5 2.5 2.5 2.5 
