1 1 1 1 1 1 1 1 1 1 1 1 1 1 1 1 1 1 1 1 1 1 1 1 1 1 
1.12 1.1366 1.1525 1.16775 1.18237 1.19642 1.2099 1.22286 1.23532 1.24731 1.25885 1.26995 1.28065 1.28065 1.26995 1.25885 1.24731 1.23532 1.22286 1.2099 1.19642 1.18237 1.16775 1.1525 1.1366 1.12 
1.24 1.26847 1.29471 1.31895 1.34138 1.36217 1.38148 1.39943 1.41616 1.43175 1.44631 1.45991 1.47262 1.47262 1.45991 1.44631 1.43175 1.41616 1.39943 1.38148 1.36217 1.34138 1.31895 1.29471 1.26847 1.24 
1.36 1.39629 1.42857 1.45738 1.48321 1.50642 1.52734 1.54625 1.56335 1.57886 1.59293 1.60571 1.61732 1.61732 1.60571 1.59293 1.57886 1.56335 1.54625 1.52734 1.50642 1.48321 1.45738 1.42857 1.39629 1.36 
1.48 1.52064 1.5556 1.58586 1.61219 1.63519 1.65535 1.67305 1.68862 1.70233 1.71439 1.725 1.7343 1.7343 1.725 1.71439 1.70233 1.68862 1.67305 1.65535 1.63519 1.61219 1.58586 1.5556 1.52064 1.48 
1.6 1.64202 1.67707 1.70654 1.73146 1.75263 1.77065 1.78601 1.79909 1.81021 1.81961 1.82751 1.83408 1.83408 1.82751 1.81961 1.81021 1.79909 1.78601 1.77065 1.75263 1.73146 1.70654 1.67707 1.64202 1.6 
1.72 1.7609 1.79404 1.82111 1.84335 1.86169 1.87681 1.88923 1.89937 1.90757 1.91408 1.91911 1.92284 1.92284 1.91911 1.91408 1.90757 1.89937 1.88923 1.87681 1.86169 1.84335 1.82111 1.79404 1.7609 1.72 
1.84 1.87771 1.90738 1.93091 1.94965 1.96456 1.97636 1.98557 1.99261 1.99779 2.00138 2.00357 2.00452 2.00452 2.00357 2.00138 1.99779 1.99261 1.98557 1.97636 1.96456 1.94965 1.93091 1.90738 1.87771 1.84 
1.96 1.99283 2.01786 2.03707 2.05178 2.06293 2.07121 2.07712 2.08104 2.08326 2.08402 2.08348 2.08179 2.08179 2.08348 2.08402 2.08326 2.08104 2.07712 2.07121 2.06293 2.05178 2.03707 2.01786 1.99283 1.96 
2.08 2.1066 2.12616 2.1405 2.15087 2.15812 2.16283 2.16547 2.16636 2.16574 2.16381 2.16071 2.15656 2.15656 2.16071 2.16381 2.16574 2.16636 2.16547 2.16283 2.15812 2.15087 2.1405 2.12616 2.1066 2.08 
2.2 2.21937 2.23285 2.24202 2.24791 2.2512 2.25241 2.25188 2.24987 2.24658 2.24215 2.2367 2.2303 2.2303 2.2367 2.24215 2.24658 2.24987 2.25188 2.25241 2.2512 2.24791 2.24202 2.23285 2.21937 2.2 
2.32 2.33145 2.3385 2.34233 2.3437 2.34311 2.34092 2.33738 2.33266 2.3269 2.32019 2.3126 2.30419 2.30419 2.3126 2.32019 2.3269 2.33266 2.33738 2.34092 2.34311 2.3437 2.34233 2.3385 2.33145 2.32 
2.44 2.44314 2.4436 2.44208 2.439 2.43465 2.42923 2.42286 2.41565 2.40765 2.3989 2.38942 2.37924 2.37924 2.38942 2.3989 2.40765 2.41565 2.42286 2.42923 2.43465 2.439 2.44208 2.4436 2.44314 2.44 
2.56 2.55473 2.54864 2.54187 2.53449 2.52657 2.51812 2.50916 2.49968 2.48968 2.47915 2.46806 2.45638 2.45638 2.46806 2.47915 2.48968 2.49968 2.50916 2.51812 2.52657 2.53449 2.54187 2.54864 2.55473 2.56 
2.68 2.66652 2.65408 2.64228 2.63084 2.61957 2.60834 2.59703 2.58555 2.57383 2.56179 2.54937 2.53651 2.53651 2.54937 2.56179 2.57383 2.58555 2.59703 2.60834 2.61957 2.63084 2.64228 2.65408 2.66652 2.68 
2.8 2.77879 2.7604 2.7439 2.7287 2.71438 2.70064 2.68726 2.67407 2.66091 2.64767 2.63424 2.62054 2.62054 2.63424 2.64767 2.66091 2.67407 2.68726 2.70064 2.71438 2.7287 2.7439 2.7604 2.77879 2.8 
2.92 2.89184 2.86806 2.84732 2.82875 2.81172 2.7958 2.78067 2.76607 2.7518 2.73769 2.72361 2.70941 2.70941 2.72361 2.73769 2.7518 2.76607 2.78067 2.7958 2.81172 2.82875 2.84732 2.86806 2.89184 2.92 
3.04 3.00597 2.97758 2.9532 2.93173 2.91241 2.89469 2.87816 2.8625 2.84747 2.83286 2.81849 2.80422 2.80422 2.81849 2.83286 2.84747 2.8625 2.87816 2.89469 2.91241 2.93173 2.9532 2.97758 3.00597 3.04 
3.16 3.12149 3.08949 3.06221 3.03845 3.01734 2.99826 2.98075 2.96443 2.94903 2.93431 2.92008 2.90616 2.90616 2.92008 2.93431 2.94903 2.96443 2.98075 2.99826 3.01734 3.03845 3.06221 3.08949 3.12149 3.16 
3.28 3.23872 3.20437 3.17515 3.14985 3.12758 3.10768 3.08966 3.07313 3.0578 3.04342 3.02978 3.0167 3.0167 3.02978 3.04342 3.0578 3.07313 3.08966 3.10768 3.12758 3.14985 3.17515 3.20437 3.23872 3.28 
3.4 3.35802 3.32286 3.29291 3.26703 3.24437 3.22432 3.20638 3.19018 3.17543 3.16187 3.14931 3.13758 3.13758 3.14931 3.16187 3.17543 3.19018 3.20638 3.22432 3.24437 3.26703 3.29291 3.32286 3.35802 3.4 
3.52 3.47977 3.44571 3.41654 3.39131 3.36929 3.34993 3.33281 3.31758 3.30398 3.29179 3.28083 3.27095 3.27095 3.28083 3.29179 3.30398 3.31758 3.33281 3.34993 3.36929 3.39131 3.41654 3.44571 3.47977 3.52 
3.64 3.60436 3.57376 3.54731 3.52433 3.50428 3.48674 3.47138 3.45794 3.44619 3.43597 3.42715 3.41959 3.41959 3.42715 3.43597 3.44619 3.45794 3.47138 3.48674 3.50428 3.52433 3.54731 3.57376 3.60436 3.64 
3.76 3.73226 3.708 3.68677 3.66817 3.6519 3.63771 3.6254 3.61479 3.60575 3.59818 3.59199 3.5871 3.5871 3.59199 3.59818 3.60575 3.61479 3.6254 3.63771 3.6519 3.66817 3.68677 3.708 3.73226 3.76 
3.88 3.86395 3.84961 3.83684 3.82553 3.81558 3.8069 3.79942 3.79308 3.78784 3.78365 3.78049 3.77833 3.77833 3.78049 3.78365 3.78784 3.79308 3.79942 3.8069 3.81558 3.82553 3.83684 3.84961 3.86395 3.88 
4 4 4 4 4 4 4 4 4 4 4 4 4 4 4 4 4 4 4 4 4 4 4 4 4 4 
