1 1 1 1 1 1 1 1 1 1 1 1 1 1 1 1 1 1 1 1 1 1 1 1 1 1 
1.1152 1.13333 1.15498 1.17997 1.20813 1.2393 1.27335 1.31015 1.34955 1.39147 1.43577 1.48237 1.53117 1.54571 1.52295 1.49818 1.47131 1.44223 1.41084 1.37702 1.34063 1.30155 1.25963 1.21472 1.16663 1.1152 
1.2208 1.25129 1.28734 1.32843 1.37413 1.42406 1.47789 1.53533 1.59611 1.66002 1.72684 1.79641 1.86857 1.89266 1.86425 1.83215 1.79606 1.75566 1.71058 1.6604 1.60464 1.54279 1.47422 1.39825 1.31408 1.2208 
1.3168 1.35517 1.40036 1.45155 1.50806 1.56931 1.63486 1.70431 1.77734 1.85366 1.93304 2.01528 2.10021 2.13114 2.10285 2.0698 2.0315 1.98739 1.93682 1.87904 1.81313 1.73806 1.65256 1.55513 1.44395 1.3168 
1.4032 1.44604 1.49663 1.55385 1.61681 1.68482 1.75735 1.83393 1.91423 1.99794 2.08483 2.17471 2.2674 2.30352 2.27732 2.24573 2.20809 2.16367 2.11157 2.05071 1.97979 1.89724 1.80109 1.6889 1.55759 1.4032 
1.48 1.5248 1.57816 1.63867 1.70527 1.77718 1.8538 1.93465 2.01937 2.10767 2.19932 2.29416 2.39202 2.43224 2.40868 2.37934 2.34348 2.30022 2.24847 2.1869 2.11386 2.0273 1.92458 1.80233 1.65611 1.48 
1.5472 1.59222 1.64656 1.70854 1.77696 1.85096 1.92988 2.01325 2.1007 2.19195 2.28679 2.38507 2.48667 2.53022 2.50924 2.48228 2.44851 2.40696 2.3564 2.2953 2.22174 2.13326 2.02663 1.89762 1.74047 1.5472 
1.6048 1.64892 1.70309 1.76538 1.83446 1.90939 1.9895 2.0743 2.16343 2.25663 2.3537 2.45452 2.559 2.60533 2.58666 2.56188 2.53014 2.49038 2.44129 2.3812 2.30796 2.21878 2.10997 1.9765 1.81143 1.6048 
1.6528 1.6954 1.74873 1.81063 1.87965 1.95481 2.0354 2.12094 2.21108 2.30558 2.40427 2.50706 2.61389 2.66255 2.64583 2.62292 2.59297 2.55486 2.50722 2.44828 2.37574 2.28656 2.17663 2.04032 1.86962 1.6528 
1.6912 1.73208 1.78426 1.84539 1.91394 1.98887 2.0695 2.15532 2.24603 2.3414 2.44129 2.54565 2.65446 2.70507 2.68992 2.66854 2.64005 2.60334 2.55698 2.49913 2.4274 2.33854 2.22817 2.09014 1.91557 1.6912 
1.72 1.75927 1.81024 1.87045 1.9383 2.01276 2.09312 2.17893 2.26988 2.3658 2.46658 2.5722 2.68269 2.73493 2.72098 2.70076 2.67341 2.63778 2.59245 2.53553 2.46455 2.37615 2.26572 2.12673 1.94966 1.72 
1.7392 1.7772 1.8271 1.88638 1.95345 2.02727 2.10717 2.19273 2.28368 2.37988 2.48127 2.58788 2.69978 2.75335 2.74026 2.72087 2.6943 2.65945 2.61486 2.55865 2.48827 2.40032 2.29004 2.15066 1.97217 1.7392 
1.7488 1.78602 1.8351 1.89355 1.95981 2.0329 2.1122 2.19732 2.28804 2.38426 2.486 2.5933 2.70632 2.76093 2.74838 2.7295 2.70342 2.66904 2.62492 2.56916 2.49922 2.41165 2.30164 2.16227 1.98329 1.7488 
1.7488 1.78581 1.83438 1.89212 1.95759 2.02988 2.10844 2.19292 2.28318 2.37917 2.48094 2.58863 2.70242 2.75775 2.74549 2.72684 2.70097 2.66679 2.62287 2.56733 2.49766 2.4104 2.30074 2.16175 1.98311 1.7488 
1.7392 1.77658 1.82493 1.88211 1.9468 2.01822 2.09587 2.17951 2.26904 2.36447 2.46592 2.57359 2.68773 2.74345 2.73125 2.7126 2.6867 2.65249 2.60855 2.55306 2.48351 2.39651 2.28732 2.14908 1.97164 1.7392 
1.72 1.75824 1.80665 1.86336 1.92725 1.99766 2.07422 2.15674 2.2452 2.33968 2.44037 2.54752 2.66147 2.7172 2.70488 2.68606 2.65996 2.62553 2.58143 2.52585 2.45636 2.36965 2.2611 2.12409 1.94879 1.72 
1.6912 1.73066 1.77928 1.83553 1.89853 1.96775 2.04293 2.12398 2.21094 2.30398 2.40333 2.50931 2.62235 2.67766 2.66512 2.64601 2.6196 2.58488 2.54054 2.48483 2.41543 2.32916 2.22159 2.08641 1.91436 1.6912 
1.6528 1.69362 1.74245 1.79813 1.86001 1.92773 2.00114 2.08025 2.16516 2.2561 2.35338 2.45737 2.56855 2.62292 2.61012 2.59071 2.56397 2.52895 2.48441 2.42869 2.35957 2.27404 2.16798 2.0355 1.86808 1.6528 
1.6048 1.64682 1.69562 1.75042 1.8108 1.87656 1.94765 2.02417 2.10629 2.19429 2.28853 2.38944 2.49755 2.55033 2.53735 2.5177 2.49074 2.45558 2.41103 2.35557 2.28712 2.20292 2.09918 1.9706 1.80957 1.6048 
1.5472 1.58986 1.6381 1.69145 1.74971 1.81281 1.8808 1.95385 2.03219 2.11614 2.20609 2.3025 2.40593 2.45634 2.44335 2.42369 2.39677 2.36178 2.31766 2.26298 2.1959 2.11395 2.01376 1.89072 1.73835 1.5472 
1.48 1.52227 1.569 1.61998 1.67515 1.73458 1.79837 1.86675 1.93998 2.01838 2.10238 2.19243 2.28909 2.33612 2.32345 2.30418 2.27779 2.24357 2.20057 2.14758 2.08299 2.00467 1.90982 1.79461 1.65381 1.48 
1.4032 1.44347 1.48721 1.53439 1.58506 1.63934 1.69738 1.75941 1.8257 1.89657 1.9724 2.05364 2.14079 2.18315 2.17131 2.15306 2.12798 2.09548 2.05479 2.0049 1.94451 1.87193 1.78496 1.68069 1.55521 1.4032 
1.3168 1.35275 1.39135 1.43265 1.47673 1.52372 1.57379 1.62712 1.68396 1.74457 1.80928 1.87844 1.95246 1.98847 1.97817 1.9619 1.93934 1.91006 1.87349 1.82888 1.77531 1.71156 1.63611 1.547 1.44167 1.3168 
1.2208 1.24928 1.2797 1.31211 1.34657 1.38319 1.42207 1.46335 1.50719 1.55377 1.6033 1.65602 1.71219 1.73961 1.73176 1.71882 1.7006 1.67685 1.64721 1.61127 1.56845 1.51809 1.45933 1.39111 1.31215 1.2208 
1.1152 1.13209 1.15014 1.16938 1.18982 1.21152 1.2345 1.25882 1.28455 1.31174 1.34049 1.37087 1.40298 1.41879 1.41443 1.4067 1.39554 1.38088 1.36258 1.34049 1.31444 1.2842 1.24951 1.21003 1.16541 1.1152 
1 1 1 1 1 1 1 1 1 1 1 1 1 1 1 1 1 1 1 1 1 1 1 1 1 1 
