0 0 0 0 0 0 0 0 0 0 0 0 0 0 0 0 0 0 0 0 0 0 0 0 0 0 0 0 0 0 0 0 0 0 0 0 0 0 0 0 0 0 0 0 0 0 0 0 0 0 0 0 0 0 0 0 0 0 0 0 0 0 0 0 0 0 0 0 0 0 0 0 0 0 0 0 0 0 0 0 0 0 0 0 0 0 0 0 0 0 0 0 0 0 0 0 0 0 0 0 0 
0.0394118 0.0394118 0.0394118 0.0394118 0.0394118 0.0394118 0.0394118 0.0394118 0.0394118 0.0394118 0.0394118 0.0394118 0.0394118 0.0394118 0.0394118 0.0394118 0.0394118 0.0394118 0.0394118 0.0394118 0.0394118 0.0394118 0.0394118 0.0394118 0.0394118 0.0394118 0.0394118 0.0394118 0.0394118 0.0394118 0.0394118 0.0394118 0.0394118 0.0394118 0.0394118 0.0394118 0.0394118 0.0394118 0.0394118 0.0394118 0.0394118 0.0394118 0.0394118 0.0394118 0.0394118 0.0394118 0.0394118 0.0394118 0.0394118 0.0394118 0.0394118 0.0394118 0.0394118 0.0394118 0.0394118 0.0394118 0.0394118 0.0394118 0.0394118 0.0394118 0.0394118 0.0394118 0.0394118 0.0394118 0.0394118 0.0394118 0.0394118 0.0394118 0.0394118 0.0394118 0.0394118 0.0394118 0.0394118 0.0394118 0.0394118 0.0394118 0.0394118 0.0394118 0.0394118 0.0394118 0.0394118 0.0394118 0.0394118 0.0394118 0.0394118 0.0394118 0.0394118 0.0394118 0.0394118 0.0394118 0.0394118 0.0394118 0.0394118 0.0394118 0.0394118 0.0394118 0.0394118 0.0394118 0.0394118 0.0394118 0.0394118 
0.0776923 0.0776923 0.0776923 0.0776923 0.0776923 0.0776923 0.0776923 0.0776923 0.0776923 0.0776923 0.0776923 0.0776923 0.0776923 0.0776923 0.0776923 0.0776923 0.0776923 0.0776923 0.0776923 0.0776923 0.0776923 0.0776923 0.0776923 0.0776923 0.0776923 0.0776923 0.0776923 0.0776923 0.0776923 0.0776923 0.0776923 0.0776923 0.0776923 0.0776923 0.0776923 0.0776923 0.0776923 0.0776923 0.0776923 0.0776923 0.0776923 0.0776923 0.0776923 0.0776923 0.0776923 0.0776923 0.0776923 0.0776923 0.0776923 0.0776923 0.0776923 0.0776923 0.0776923 0.0776923 0.0776923 0.0776923 0.0776923 0.0776923 0.0776923 0.0776923 0.0776923 0.0776923 0.0776923 0.0776923 0.0776923 0.0776923 0.0776923 0.0776923 0.0776923 0.0776923 0.0776923 0.0776923 0.0776923 0.0776923 0.0776923 0.0776923 0.0776923 0.0776923 0.0776923 0.0776923 0.0776923 0.0776923 0.0776923 0.0776923 0.0776923 0.0776923 0.0776923 0.0776923 0.0776923 0.0776923 0.0776923 0.0776923 0.0776923 0.0776923 0.0776923 0.0776923 0.0776923 0.0776923 0.0776923 0.0776923 0.0776923 
0.114906 0.114906 0.114906 0.114906 0.114906 0.114906 0.114906 0.114906 0.114906 0.114906 0.114906 0.114906 0.114906 0.114906 0.114906 0.114906 0.114906 0.114906 0.114906 0.114906 0.114906 0.114906 0.114906 0.114906 0.114906 0.114906 0.114906 0.114906 0.114906 0.114906 0.114906 0.114906 0.114906 0.114906 0.114906 0.114906 0.114906 0.114906 0.114906 0.114906 0.114906 0.114906 0.114906 0.114906 0.114906 0.114906 0.114906 0.114906 0.114906 0.114906 0.114906 0.114906 0.114906 0.114906 0.114906 0.114906 0.114906 0.114906 0.114906 0.114906 0.114906 0.114906 0.114906 0.114906 0.114906 0.114906 0.114906 0.114906 0.114906 0.114906 0.114906 0.114906 0.114906 0.114906 0.114906 0.114906 0.114906 0.114906 0.114906 0.114906 0.114906 0.114906 0.114906 0.114906 0.114906 0.114906 0.114906 0.114906 0.114906 0.114906 0.114906 0.114906 0.114906 0.114906 0.114906 0.114906 0.114906 0.114906 0.114906 0.114906 0.114906 
0.151111 0.151111 0.151111 0.151111 0.151111 0.151111 0.151111 0.151111 0.151111 0.151111 0.151111 0.151111 0.151111 0.151111 0.151111 0.151111 0.151111 0.151111 0.151111 0.151111 0.151111 0.151111 0.151111 0.151111 0.151111 0.151111 0.151111 0.151111 0.151111 0.151111 0.151111 0.151111 0.151111 0.151111 0.151111 0.151111 0.151111 0.151111 0.151111 0.151111 0.151111 0.151111 0.151111 0.151111 0.151111 0.151111 0.151111 0.151111 0.151111 0.151111 0.151111 0.151111 0.151111 0.151111 0.151111 0.151111 0.151111 0.151111 0.151111 0.151111 0.151111 0.151111 0.151111 0.151111 0.151111 0.151111 0.151111 0.151111 0.151111 0.151111 0.151111 0.151111 0.151111 0.151111 0.151111 0.151111 0.151111 0.151111 0.151111 0.151111 0.151111 0.151111 0.151111 0.151111 0.151111 0.151111 0.151111 0.151111 0.151111 0.151111 0.151111 0.151111 0.151111 0.151111 0.151111 0.151111 0.151111 0.151111 0.151111 0.151111 0.151111 
0.186364 0.186364 0.186364 0.186364 0.186364 0.186364 0.186364 0.186364 0.186364 0.186364 0.186364 0.186364 0.186364 0.186364 0.186364 0.186364 0.186364 0.186364 0.186364 0.186364 0.186364 0.186364 0.186364 0.186364 0.186364 0.186364 0.186364 0.186364 0.186364 0.186364 0.186364 0.186364 0.186364 0.186364 0.186364 0.186364 0.186364 0.186364 0.186364 0.186364 0.186364 0.186364 0.186364 0.186364 0.186364 0.186364 0.186364 0.186364 0.186364 0.186364 0.186364 0.186364 0.186364 0.186364 0.186364 0.186364 0.186364 0.186364 0.186364 0.186364 0.186364 0.186364 0.186364 0.186364 0.186364 0.186364 0.186364 0.186364 0.186364 0.186364 0.186364 0.186364 0.186364 0.186364 0.186364 0.186364 0.186364 0.186364 0.186364 0.186364 0.186364 0.186364 0.186364 0.186364 0.186364 0.186364 0.186364 0.186364 0.186364 0.186364 0.186364 0.186364 0.186364 0.186364 0.186364 0.186364 0.186364 0.186364 0.186364 0.186364 0.186364 
0.220714 0.220714 0.220714 0.220714 0.220714 0.220714 0.220714 0.220714 0.220714 0.220714 0.220714 0.220714 0.220714 0.220714 0.220714 0.220714 0.220714 0.220714 0.220714 0.220714 0.220714 0.220714 0.220714 0.220714 0.220714 0.220714 0.220714 0.220714 0.220714 0.220714 0.220714 0.220714 0.220714 0.220714 0.220714 0.220714 0.220714 0.220714 0.220714 0.220714 0.220714 0.220714 0.220714 0.220714 0.220714 0.220714 0.220714 0.220714 0.220714 0.220714 0.220714 0.220714 0.220714 0.220714 0.220714 0.220714 0.220714 0.220714 0.220714 0.220714 0.220714 0.220714 0.220714 0.220714 0.220714 0.220714 0.220714 0.220714 0.220714 0.220714 0.220714 0.220714 0.220714 0.220714 0.220714 0.220714 0.220714 0.220714 0.220714 0.220714 0.220714 0.220714 0.220714 0.220714 0.220714 0.220714 0.220714 0.220714 0.220714 0.220714 0.220714 0.220714 0.220714 0.220714 0.220714 0.220714 0.220714 0.220714 0.220714 0.220714 0.220714 
0.254211 0.254211 0.254211 0.254211 0.254211 0.254211 0.254211 0.254211 0.254211 0.254211 0.254211 0.254211 0.254211 0.254211 0.254211 0.254211 0.254211 0.254211 0.254211 0.254211 0.254211 0.254211 0.254211 0.254211 0.254211 0.254211 0.254211 0.254211 0.254211 0.254211 0.254211 0.254211 0.254211 0.254211 0.254211 0.254211 0.254211 0.254211 0.254211 0.254211 0.254211 0.254211 0.254211 0.254211 0.254211 0.254211 0.254211 0.254211 0.254211 0.254211 0.254211 0.254211 0.254211 0.254211 0.254211 0.254211 0.254211 0.254211 0.254211 0.254211 0.254211 0.254211 0.254211 0.254211 0.254211 0.254211 0.254211 0.254211 0.254211 0.254211 0.254211 0.254211 0.254211 0.254211 0.254211 0.254211 0.254211 0.254211 0.254211 0.254211 0.254211 0.254211 0.254211 0.254211 0.254211 0.254211 0.254211 0.254211 0.254211 0.254211 0.254211 0.254211 0.254211 0.254211 0.254211 0.254211 0.254211 0.254211 0.254211 0.254211 0.254211 
0.286897 0.286897 0.286897 0.286897 0.286897 0.286897 0.286897 0.286897 0.286897 0.286897 0.286897 0.286897 0.286897 0.286897 0.286897 0.286897 0.286897 0.286897 0.286897 0.286897 0.286897 0.286897 0.286897 0.286897 0.286897 0.286897 0.286897 0.286897 0.286897 0.286897 0.286897 0.286897 0.286897 0.286897 0.286897 0.286897 0.286897 0.286897 0.286897 0.286897 0.286897 0.286897 0.286897 0.286897 0.286897 0.286897 0.286897 0.286897 0.286897 0.286897 0.286897 0.286897 0.286897 0.286897 0.286897 0.286897 0.286897 0.286897 0.286897 0.286897 0.286897 0.286897 0.286897 0.286897 0.286897 0.286897 0.286897 0.286897 0.286897 0.286897 0.286897 0.286897 0.286897 0.286897 0.286897 0.286897 0.286897 0.286897 0.286897 0.286897 0.286897 0.286897 0.286897 0.286897 0.286897 0.286897 0.286897 0.286897 0.286897 0.286897 0.286897 0.286897 0.286897 0.286897 0.286897 0.286897 0.286897 0.286897 0.286897 0.286897 0.286897 
0.318814 0.318814 0.318814 0.318814 0.318814 0.318814 0.318814 0.318814 0.318814 0.318814 0.318814 0.318814 0.318814 0.318814 0.318814 0.318814 0.318814 0.318814 0.318814 0.318814 0.318814 0.318814 0.318814 0.318814 0.318814 0.318814 0.318814 0.318814 0.318814 0.318814 0.318814 0.318814 0.318814 0.318814 0.318814 0.318814 0.318814 0.318814 0.318814 0.318814 0.318814 0.318814 0.318814 0.318814 0.318814 0.318814 0.318814 0.318814 0.318814 0.318814 0.318814 0.318814 0.318814 0.318814 0.318814 0.318814 0.318814 0.318814 0.318814 0.318814 0.318814 0.318814 0.318814 0.318814 0.318814 0.318814 0.318814 0.318814 0.318814 0.318814 0.318814 0.318814 0.318814 0.318814 0.318814 0.318814 0.318814 0.318814 0.318814 0.318814 0.318814 0.318814 0.318814 0.318814 0.318814 0.318814 0.318814 0.318814 0.318814 0.318814 0.318814 0.318814 0.318814 0.318814 0.318814 0.318814 0.318814 0.318814 0.318814 0.318814 0.318814 
0.35 0.35 0.35 0.35 0.35 0.35 0.35 0.35 0.35 0.35 0.35 0.35 0.35 0.35 0.35 0.35 0.35 0.35 0.35 0.35 0.35 0.35 0.35 0.35 0.35 0.35 0.35 0.35 0.35 0.35 0.35 0.35 0.35 0.35 0.35 0.35 0.35 0.35 0.35 0.35 0.35 0.35 0.35 0.35 0.35 0.35 0.35 0.35 0.35 0.35 0.35 0.35 0.35 0.35 0.35 0.35 0.35 0.35 0.35 0.35 0.35 0.35 0.35 0.35 0.35 0.35 0.35 0.35 0.35 0.35 0.35 0.35 0.35 0.35 0.35 0.35 0.35 0.35 0.35 0.35 0.35 0.35 0.35 0.35 0.35 0.35 0.35 0.35 0.35 0.35 0.35 0.35 0.35 0.35 0.35 0.35 0.35 0.35 0.35 0.35 0.35 
0.380492 0.380492 0.380492 0.380492 0.380492 0.380492 0.380492 0.380492 0.380492 0.380492 0.380492 0.380492 0.380492 0.380492 0.380492 0.380492 0.380492 0.380492 0.380492 0.380492 0.380492 0.380492 0.380492 0.380492 0.380492 0.380492 0.380492 0.380492 0.380492 0.380492 0.380492 0.380492 0.380492 0.380492 0.380492 0.380492 0.380492 0.380492 0.380492 0.380492 0.380492 0.380492 0.380492 0.380492 0.380492 0.380492 0.380492 0.380492 0.380492 0.380492 0.380492 0.380492 0.380492 0.380492 0.380492 0.380492 0.380492 0.380492 0.380492 0.380492 0.380492 0.380492 0.380492 0.380492 0.380492 0.380492 0.380492 0.380492 0.380492 0.380492 0.380492 0.380492 0.380492 0.380492 0.380492 0.380492 0.380492 0.380492 0.380492 0.380492 0.380492 0.380492 0.380492 0.380492 0.380492 0.380492 0.380492 0.380492 0.380492 0.380492 0.380492 0.380492 0.380492 0.380492 0.380492 0.380492 0.380492 0.380492 0.380492 0.380492 0.380492 
0.410323 0.410323 0.410323 0.410323 0.410323 0.410323 0.410323 0.410323 0.410323 0.410323 0.410323 0.410323 0.410323 0.410323 0.410323 0.410323 0.410323 0.410323 0.410323 0.410323 0.410323 0.410323 0.410323 0.410323 0.410323 0.410323 0.410323 0.410323 0.410323 0.410323 0.410323 0.410323 0.410323 0.410323 0.410323 0.410323 0.410323 0.410323 0.410323 0.410323 0.410323 0.410323 0.410323 0.410323 0.410323 0.410323 0.410323 0.410323 0.410323 0.410323 0.410323 0.410323 0.410323 0.410323 0.410323 0.410323 0.410323 0.410323 0.410323 0.410323 0.410323 0.410323 0.410323 0.410323 0.410323 0.410323 0.410323 0.410323 0.410323 0.410323 0.410323 0.410323 0.410323 0.410323 0.410323 0.410323 0.410323 0.410323 0.410323 0.410323 0.410323 0.410323 0.410323 0.410323 0.410323 0.410323 0.410323 0.410323 0.410323 0.410323 0.410323 0.410323 0.410323 0.410323 0.410323 0.410323 0.410323 0.410323 0.410323 0.410323 0.410323 
0.439524 0.439524 0.439524 0.439524 0.439524 0.439524 0.439524 0.439524 0.439524 0.439524 0.439524 0.439524 0.439524 0.439524 0.439524 0.439524 0.439524 0.439524 0.439524 0.439524 0.439524 0.439524 0.439524 0.439524 0.439524 0.439524 0.439524 0.439524 0.439524 0.439524 0.439524 0.439524 0.439524 0.439524 0.439524 0.439524 0.439524 0.439524 0.439524 0.439524 0.439524 0.439524 0.439524 0.439524 0.439524 0.439524 0.439524 0.439524 0.439524 0.439524 0.439524 0.439524 0.439524 0.439524 0.439524 0.439524 0.439524 0.439524 0.439524 0.439524 0.439524 0.439524 0.439524 0.439524 0.439524 0.439524 0.439524 0.439524 0.439524 0.439524 0.439524 0.439524 0.439524 0.439524 0.439524 0.439524 0.439524 0.439524 0.439524 0.439524 0.439524 0.439524 0.439524 0.439524 0.439524 0.439524 0.439524 0.439524 0.439524 0.439524 0.439524 0.439524 0.439524 0.439524 0.439524 0.439524 0.439524 0.439524 0.439524 0.439524 0.439524 
0.468125 0.468125 0.468125 0.468125 0.468125 0.468125 0.468125 0.468125 0.468125 0.468125 0.468125 0.468125 0.468125 0.468125 0.468125 0.468125 0.468125 0.468125 0.468125 0.468125 0.468125 0.468125 0.468125 0.468125 0.468125 0.468125 0.468125 0.468125 0.468125 0.468125 0.468125 0.468125 0.468125 0.468125 0.468125 0.468125 0.468125 0.468125 0.468125 0.468125 0.468125 0.468125 0.468125 0.468125 0.468125 0.468125 0.468125 0.468125 0.468125 0.468125 0.468125 0.468125 0.468125 0.468125 0.468125 0.468125 0.468125 0.468125 0.468125 0.468125 0.468125 0.468125 0.468125 0.468125 0.468125 0.468125 0.468125 0.468125 0.468125 0.468125 0.468125 0.468125 0.468125 0.468125 0.468125 0.468125 0.468125 0.468125 0.468125 0.468125 0.468125 0.468125 0.468125 0.468125 0.468125 0.468125 0.468125 0.468125 0.468125 0.468125 0.468125 0.468125 0.468125 0.468125 0.468125 0.468125 0.468125 0.468125 0.468125 0.468125 0.468125 
0.496154 0.496154 0.496154 0.496154 0.496154 0.496154 0.496154 0.496154 0.496154 0.496154 0.496154 0.496154 0.496154 0.496154 0.496154 0.496154 0.496154 0.496154 0.496154 0.496154 0.496154 0.496154 0.496154 0.496154 0.496154 0.496154 0.496154 0.496154 0.496154 0.496154 0.496154 0.496154 0.496154 0.496154 0.496154 0.496154 0.496154 0.496154 0.496154 0.496154 0.496154 0.496154 0.496154 0.496154 0.496154 0.496154 0.496154 0.496154 0.496154 0.496154 0.496154 0.496154 0.496154 0.496154 0.496154 0.496154 0.496154 0.496154 0.496154 0.496154 0.496154 0.496154 0.496154 0.496154 0.496154 0.496154 0.496154 0.496154 0.496154 0.496154 0.496154 0.496154 0.496154 0.496154 0.496154 0.496154 0.496154 0.496154 0.496154 0.496154 0.496154 0.496154 0.496154 0.496154 0.496154 0.496154 0.496154 0.496154 0.496154 0.496154 0.496154 0.496154 0.496154 0.496154 0.496154 0.496154 0.496154 0.496154 0.496154 0.496154 0.496154 
0.523636 0.523636 0.523636 0.523636 0.523636 0.523636 0.523636 0.523636 0.523636 0.523636 0.523636 0.523636 0.523636 0.523636 0.523636 0.523636 0.523636 0.523636 0.523636 0.523636 0.523636 0.523636 0.523636 0.523636 0.523636 0.523636 0.523636 0.523636 0.523636 0.523636 0.523636 0.523636 0.523636 0.523636 0.523636 0.523636 0.523636 0.523636 0.523636 0.523636 0.523636 0.523636 0.523636 0.523636 0.523636 0.523636 0.523636 0.523636 0.523636 0.523636 0.523636 0.523636 0.523636 0.523636 0.523636 0.523636 0.523636 0.523636 0.523636 0.523636 0.523636 0.523636 0.523636 0.523636 0.523636 0.523636 0.523636 0.523636 0.523636 0.523636 0.523636 0.523636 0.523636 0.523636 0.523636 0.523636 0.523636 0.523636 0.523636 0.523636 0.523636 0.523636 0.523636 0.523636 0.523636 0.523636 0.523636 0.523636 0.523636 0.523636 0.523636 0.523636 0.523636 0.523636 0.523636 0.523636 0.523636 0.523636 0.523636 0.523636 0.523636 
0.550597 0.550597 0.550597 0.550597 0.550597 0.550597 0.550597 0.550597 0.550597 0.550597 0.550597 0.550597 0.550597 0.550597 0.550597 0.550597 0.550597 0.550597 0.550597 0.550597 0.550597 0.550597 0.550597 0.550597 0.550597 0.550597 0.550597 0.550597 0.550597 0.550597 0.550597 0.550597 0.550597 0.550597 0.550597 0.550597 0.550597 0.550597 0.550597 0.550597 0.550597 0.550597 0.550597 0.550597 0.550597 0.550597 0.550597 0.550597 0.550597 0.550597 0.550597 0.550597 0.550597 0.550597 0.550597 0.550597 0.550597 0.550597 0.550597 0.550597 0.550597 0.550597 0.550597 0.550597 0.550597 0.550597 0.550597 0.550597 0.550597 0.550597 0.550597 0.550597 0.550597 0.550597 0.550597 0.550597 0.550597 0.550597 0.550597 0.550597 0.550597 0.550597 0.550597 0.550597 0.550597 0.550597 0.550597 0.550597 0.550597 0.550597 0.550597 0.550597 0.550597 0.550597 0.550597 0.550597 0.550597 0.550597 0.550597 0.550597 0.550597 
0.577059 0.577059 0.577059 0.577059 0.577059 0.577059 0.577059 0.577059 0.577059 0.577059 0.577059 0.577059 0.577059 0.577059 0.577059 0.577059 0.577059 0.577059 0.577059 0.577059 0.577059 0.577059 0.577059 0.577059 0.577059 0.577059 0.577059 0.577059 0.577059 0.577059 0.577059 0.577059 0.577059 0.577059 0.577059 0.577059 0.577059 0.577059 0.577059 0.577059 0.577059 0.577059 0.577059 0.577059 0.577059 0.577059 0.577059 0.577059 0.577059 0.577059 0.577059 0.577059 0.577059 0.577059 0.577059 0.577059 0.577059 0.577059 0.577059 0.577059 0.577059 0.577059 0.577059 0.577059 0.577059 0.577059 0.577059 0.577059 0.577059 0.577059 0.577059 0.577059 0.577059 0.577059 0.577059 0.577059 0.577059 0.577059 0.577059 0.577059 0.577059 0.577059 0.577059 0.577059 0.577059 0.577059 0.577059 0.577059 0.577059 0.577059 0.577059 0.577059 0.577059 0.577059 0.577059 0.577059 0.577059 0.577059 0.577059 0.577059 0.577059 
0.603043 0.603043 0.603043 0.603043 0.603043 0.603043 0.603043 0.603043 0.603043 0.603043 0.603043 0.603043 0.603043 0.603043 0.603043 0.603043 0.603043 0.603043 0.603043 0.603043 0.603043 0.603043 0.603043 0.603043 0.603043 0.603043 0.603043 0.603043 0.603043 0.603043 0.603043 0.603043 0.603043 0.603043 0.603043 0.603043 0.603043 0.603043 0.603043 0.603043 0.603043 0.603043 0.603043 0.603043 0.603043 0.603043 0.603043 0.603043 0.603043 0.603043 0.603043 0.603043 0.603043 0.603043 0.603043 0.603043 0.603043 0.603043 0.603043 0.603043 0.603043 0.603043 0.603043 0.603043 0.603043 0.603043 0.603043 0.603043 0.603043 0.603043 0.603043 0.603043 0.603043 0.603043 0.603043 0.603043 0.603043 0.603043 0.603043 0.603043 0.603043 0.603043 0.603043 0.603043 0.603043 0.603043 0.603043 0.603043 0.603043 0.603043 0.603043 0.603043 0.603043 0.603043 0.603043 0.603043 0.603043 0.603043 0.603043 0.603043 0.603043 
0.628571 0.628571 0.628571 0.628571 0.628571 0.628571 0.628571 0.628571 0.628571 0.628571 0.628571 0.628571 0.628571 0.628571 0.628571 0.628571 0.628571 0.628571 0.628571 0.628571 0.628571 0.628571 0.628571 0.628571 0.628571 0.628571 0.628571 0.628571 0.628571 0.628571 0.628571 0.628571 0.628571 0.628571 0.628571 0.628571 0.628571 0.628571 0.628571 0.628571 0.628571 0.628571 0.628571 0.628571 0.628571 0.628571 0.628571 0.628571 0.628571 0.628571 0.628571 0.628571 0.628571 0.628571 0.628571 0.628571 0.628571 0.628571 0.628571 0.628571 0.628571 0.628571 0.628571 0.628571 0.628571 0.628571 0.628571 0.628571 0.628571 0.628571 0.628571 0.628571 0.628571 0.628571 0.628571 0.628571 0.628571 0.628571 0.628571 0.628571 0.628571 0.628571 0.628571 0.628571 0.628571 0.628571 0.628571 0.628571 0.628571 0.628571 0.628571 0.628571 0.628571 0.628571 0.628571 0.628571 0.628571 0.628571 0.628571 0.628571 0.628571 
0.653662 0.653662 0.653662 0.653662 0.653662 0.653662 0.653662 0.653662 0.653662 0.653662 0.653662 0.653662 0.653662 0.653662 0.653662 0.653662 0.653662 0.653662 0.653662 0.653662 0.653662 0.653662 0.653662 0.653662 0.653662 0.653662 0.653662 0.653662 0.653662 0.653662 0.653662 0.653662 0.653662 0.653662 0.653662 0.653662 0.653662 0.653662 0.653662 0.653662 0.653662 0.653662 0.653662 0.653662 0.653662 0.653662 0.653662 0.653662 0.653662 0.653662 0.653662 0.653662 0.653662 0.653662 0.653662 0.653662 0.653662 0.653662 0.653662 0.653662 0.653662 0.653662 0.653662 0.653662 0.653662 0.653662 0.653662 0.653662 0.653662 0.653662 0.653662 0.653662 0.653662 0.653662 0.653662 0.653662 0.653662 0.653662 0.653662 0.653662 0.653662 0.653662 0.653662 0.653662 0.653662 0.653662 0.653662 0.653662 0.653662 0.653662 0.653662 0.653662 0.653662 0.653662 0.653662 0.653662 0.653662 0.653662 0.653662 0.653662 0.653662 
0.678333 0.678333 0.678333 0.678333 0.678333 0.678333 0.678333 0.678333 0.678333 0.678333 0.678333 0.678333 0.678333 0.678333 0.678333 0.678333 0.678333 0.678333 0.678333 0.678333 0.678333 0.678333 0.678333 0.678333 0.678333 0.678333 0.678333 0.678333 0.678333 0.678333 0.678333 0.678333 0.678333 0.678333 0.678333 0.678333 0.678333 0.678333 0.678333 0.678333 0.678333 0.678333 0.678333 0.678333 0.678333 0.678333 0.678333 0.678333 0.678333 0.678333 0.678333 0.678333 0.678333 0.678333 0.678333 0.678333 0.678333 0.678333 0.678333 0.678333 0.678333 0.678333 0.678333 0.678333 0.678333 0.678333 0.678333 0.678333 0.678333 0.678333 0.678333 0.678333 0.678333 0.678333 0.678333 0.678333 0.678333 0.678333 0.678333 0.678333 0.678333 0.678333 0.678333 0.678333 0.678333 0.678333 0.678333 0.678333 0.678333 0.678333 0.678333 0.678333 0.678333 0.678333 0.678333 0.678333 0.678333 0.678333 0.678333 0.678333 0.678333 
0.702603 0.702603 0.702603 0.702603 0.702603 0.702603 0.702603 0.702603 0.702603 0.702603 0.702603 0.702603 0.702603 0.702603 0.702603 0.702603 0.702603 0.702603 0.702603 0.702603 0.702603 0.702603 0.702603 0.702603 0.702603 0.702603 0.702603 0.702603 0.702603 0.702603 0.702603 0.702603 0.702603 0.702603 0.702603 0.702603 0.702603 0.702603 0.702603 0.702603 0.702603 0.702603 0.702603 0.702603 0.702603 0.702603 0.702603 0.702603 0.702603 0.702603 0.702603 0.702603 0.702603 0.702603 0.702603 0.702603 0.702603 0.702603 0.702603 0.702603 0.702603 0.702603 0.702603 0.702603 0.702603 0.702603 0.702603 0.702603 0.702603 0.702603 0.702603 0.702603 0.702603 0.702603 0.702603 0.702603 0.702603 0.702603 0.702603 0.702603 0.702603 0.702603 0.702603 0.702603 0.702603 0.702603 0.702603 0.702603 0.702603 0.702603 0.702603 0.702603 0.702603 0.702603 0.702603 0.702603 0.702603 0.702603 0.702603 0.702603 0.702603 
0.726486 0.726486 0.726486 0.726486 0.726486 0.726486 0.726486 0.726486 0.726486 0.726486 0.726486 0.726486 0.726486 0.726486 0.726486 0.726486 0.726486 0.726486 0.726486 0.726486 0.726486 0.726486 0.726486 0.726486 0.726486 0.726486 0.726486 0.726486 0.726486 0.726486 0.726486 0.726486 0.726486 0.726486 0.726486 0.726486 0.726486 0.726486 0.726486 0.726486 0.726486 0.726486 0.726486 0.726486 0.726486 0.726486 0.726486 0.726486 0.726486 0.726486 0.726486 0.726486 0.726486 0.726486 0.726486 0.726486 0.726486 0.726486 0.726486 0.726486 0.726486 0.726486 0.726486 0.726486 0.726486 0.726486 0.726486 0.726486 0.726486 0.726486 0.726486 0.726486 0.726486 0.726486 0.726486 0.726486 0.726486 0.726486 0.726486 0.726486 0.726486 0.726486 0.726486 0.726486 0.726486 0.726486 0.726486 0.726486 0.726486 0.726486 0.726486 0.726486 0.726486 0.726486 0.726486 0.726486 0.726486 0.726486 0.726486 0.726486 0.726486 
0.75 0.75 0.75 0.75 0.75 0.75 0.75 0.75 0.75 0.75 0.75 0.75 0.75 0.75 0.75 0.75 0.75 0.75 0.75 0.75 0.75 0.75 0.75 0.75 0.75 0.75 0.75 0.75 0.75 0.75 0.75 0.75 0.75 0.75 0.75 0.75 0.75 0.75 0.75 0.75 0.75 0.75 0.75 0.75 0.75 0.75 0.75 0.75 0.75 0.75 0.75 0.75 0.75 0.75 0.75 0.75 0.75 0.75 0.75 0.75 0.75 0.75 0.75 0.75 0.75 0.75 0.75 0.75 0.75 0.75 0.75 0.75 0.75 0.75 0.75 0.75 0.75 0.75 0.75 0.75 0.75 0.75 0.75 0.75 0.75 0.75 0.75 0.75 0.75 0.75 0.75 0.75 0.75 0.75 0.75 0.75 0.75 0.75 0.75 0.75 0.75 
0.773158 0.773158 0.773158 0.773158 0.773158 0.773158 0.773158 0.773158 0.773158 0.773158 0.773158 0.773158 0.773158 0.773158 0.773158 0.773158 0.773158 0.773158 0.773158 0.773158 0.773158 0.773158 0.773158 0.773158 0.773158 0.773158 0.773158 0.773158 0.773158 0.773158 0.773158 0.773158 0.773158 0.773158 0.773158 0.773158 0.773158 0.773158 0.773158 0.773158 0.773158 0.773158 0.773158 0.773158 0.773158 0.773158 0.773158 0.773158 0.773158 0.773158 0.773158 0.773158 0.773158 0.773158 0.773158 0.773158 0.773158 0.773158 0.773158 0.773158 0.773158 0.773158 0.773158 0.773158 0.773158 0.773158 0.773158 0.773158 0.773158 0.773158 0.773158 0.773158 0.773158 0.773158 0.773158 0.773158 0.773158 0.773158 0.773158 0.773158 0.773158 0.773158 0.773158 0.773158 0.773158 0.773158 0.773158 0.773158 0.773158 0.773158 0.773158 0.773158 0.773158 0.773158 0.773158 0.773158 0.773158 0.773158 0.773158 0.773158 0.773158 
0.795974 0.795974 0.795974 0.795974 0.795974 0.795974 0.795974 0.795974 0.795974 0.795974 0.795974 0.795974 0.795974 0.795974 0.795974 0.795974 0.795974 0.795974 0.795974 0.795974 0.795974 0.795974 0.795974 0.795974 0.795974 0.795974 0.795974 0.795974 0.795974 0.795974 0.795974 0.795974 0.795974 0.795974 0.795974 0.795974 0.795974 0.795974 0.795974 0.795974 0.795974 0.795974 0.795974 0.795974 0.795974 0.795974 0.795974 0.795974 0.795974 0.795974 0.795974 0.795974 0.795974 0.795974 0.795974 0.795974 0.795974 0.795974 0.795974 0.795974 0.795974 0.795974 0.795974 0.795974 0.795974 0.795974 0.795974 0.795974 0.795974 0.795974 0.795974 0.795974 0.795974 0.795974 0.795974 0.795974 0.795974 0.795974 0.795974 0.795974 0.795974 0.795974 0.795974 0.795974 0.795974 0.795974 0.795974 0.795974 0.795974 0.795974 0.795974 0.795974 0.795974 0.795974 0.795974 0.795974 0.795974 0.795974 0.795974 0.795974 0.795974 
0.818462 0.818462 0.818462 0.818462 0.818462 0.818462 0.818462 0.818462 0.818462 0.818462 0.818462 0.818462 0.818462 0.818462 0.818462 0.818462 0.818462 0.818462 0.818462 0.818462 0.818462 0.818462 0.818462 0.818462 0.818462 0.818462 0.818462 0.818462 0.818462 0.818462 0.818462 0.818462 0.818462 0.818462 0.818462 0.818462 0.818462 0.818462 0.818462 0.818462 0.818462 0.818462 0.818462 0.818462 0.818462 0.818462 0.818462 0.818462 0.818462 0.818462 0.818462 0.818462 0.818462 0.818462 0.818462 0.818462 0.818462 0.818462 0.818462 0.818462 0.818462 0.818462 0.818462 0.818462 0.818462 0.818462 0.818462 0.818462 0.818462 0.818462 0.818462 0.818462 0.818462 0.818462 0.818462 0.818462 0.818462 0.818462 0.818462 0.818462 0.818462 0.818462 0.818462 0.818462 0.818462 0.818462 0.818462 0.818462 0.818462 0.818462 0.818462 0.818462 0.818462 0.818462 0.818462 0.818462 0.818462 0.818462 0.818462 0.818462 0.818462 
0.840633 0.840633 0.840633 0.840633 0.840633 0.840633 0.840633 0.840633 0.840633 0.840633 0.840633 0.840633 0.840633 0.840633 0.840633 0.840633 0.840633 0.840633 0.840633 0.840633 0.840633 0.840633 0.840633 0.840633 0.840633 0.840633 0.840633 0.840633 0.840633 0.840633 0.840633 0.840633 0.840633 0.840633 0.840633 0.840633 0.840633 0.840633 0.840633 0.840633 0.840633 0.840633 0.840633 0.840633 0.840633 0.840633 0.840633 0.840633 0.840633 0.840633 0.840633 0.840633 0.840633 0.840633 0.840633 0.840633 0.840633 0.840633 0.840633 0.840633 0.840633 0.840633 0.840633 0.840633 0.840633 0.840633 0.840633 0.840633 0.840633 0.840633 0.840633 0.840633 0.840633 0.840633 0.840633 0.840633 0.840633 0.840633 0.840633 0.840633 0.840633 0.840633 0.840633 0.840633 0.840633 0.840633 0.840633 0.840633 0.840633 0.840633 0.840633 0.840633 0.840633 0.840633 0.840633 0.840633 0.840633 0.840633 0.840633 0.840633 0.840633 
0.8625 0.8625 0.8625 0.8625 0.8625 0.8625 0.8625 0.8625 0.8625 0.8625 0.8625 0.8625 0.8625 0.8625 0.8625 0.8625 0.8625 0.8625 0.8625 0.8625 0.8625 0.8625 0.8625 0.8625 0.8625 0.8625 0.8625 0.8625 0.8625 0.8625 0.8625 0.8625 0.8625 0.8625 0.8625 0.8625 0.8625 0.8625 0.8625 0.8625 0.8625 0.8625 0.8625 0.8625 0.8625 0.8625 0.8625 0.8625 0.8625 0.8625 0.8625 0.8625 0.8625 0.8625 0.8625 0.8625 0.8625 0.8625 0.8625 0.8625 0.8625 0.8625 0.8625 0.8625 0.8625 0.8625 0.8625 0.8625 0.8625 0.8625 0.8625 0.8625 0.8625 0.8625 0.8625 0.8625 0.8625 0.8625 0.8625 0.8625 0.8625 0.8625 0.8625 0.8625 0.8625 0.8625 0.8625 0.8625 0.8625 0.8625 0.8625 0.8625 0.8625 0.8625 0.8625 0.8625 0.8625 0.8625 0.8625 0.8625 0.8625 
0.884074 0.884074 0.884074 0.884074 0.884074 0.884074 0.884074 0.884074 0.884074 0.884074 0.884074 0.884074 0.884074 0.884074 0.884074 0.884074 0.884074 0.884074 0.884074 0.884074 0.884074 0.884074 0.884074 0.884074 0.884074 0.884074 0.884074 0.884074 0.884074 0.884074 0.884074 0.884074 0.884074 0.884074 0.884074 0.884074 0.884074 0.884074 0.884074 0.884074 0.884074 0.884074 0.884074 0.884074 0.884074 0.884074 0.884074 0.884074 0.884074 0.884074 0.884074 0.884074 0.884074 0.884074 0.884074 0.884074 0.884074 0.884074 0.884074 0.884074 0.884074 0.884074 0.884074 0.884074 0.884074 0.884074 0.884074 0.884074 0.884074 0.884074 0.884074 0.884074 0.884074 0.884074 0.884074 0.884074 0.884074 0.884074 0.884074 0.884074 0.884074 0.884074 0.884074 0.884074 0.884074 0.884074 0.884074 0.884074 0.884074 0.884074 0.884074 0.884074 0.884074 0.884074 0.884074 0.884074 0.884074 0.884074 0.884074 0.884074 0.884074 
0.905366 0.905366 0.905366 0.905366 0.905366 0.905366 0.905366 0.905366 0.905366 0.905366 0.905366 0.905366 0.905366 0.905366 0.905366 0.905366 0.905366 0.905366 0.905366 0.905366 0.905366 0.905366 0.905366 0.905366 0.905366 0.905366 0.905366 0.905366 0.905366 0.905366 0.905366 0.905366 0.905366 0.905366 0.905366 0.905366 0.905366 0.905366 0.905366 0.905366 0.905366 0.905366 0.905366 0.905366 0.905366 0.905366 0.905366 0.905366 0.905366 0.905366 0.905366 0.905366 0.905366 0.905366 0.905366 0.905366 0.905366 0.905366 0.905366 0.905366 0.905366 0.905366 0.905366 0.905366 0.905366 0.905366 0.905366 0.905366 0.905366 0.905366 0.905366 0.905366 0.905366 0.905366 0.905366 0.905366 0.905366 0.905366 0.905366 0.905366 0.905366 0.905366 0.905366 0.905366 0.905366 0.905366 0.905366 0.905366 0.905366 0.905366 0.905366 0.905366 0.905366 0.905366 0.905366 0.905366 0.905366 0.905366 0.905366 0.905366 0.905366 
0.926386 0.926386 0.926386 0.926386 0.926386 0.926386 0.926386 0.926386 0.926386 0.926386 0.926386 0.926386 0.926386 0.926386 0.926386 0.926386 0.926386 0.926386 0.926386 0.926386 0.926386 0.926386 0.926386 0.926386 0.926386 0.926386 0.926386 0.926386 0.926386 0.926386 0.926386 0.926386 0.926386 0.926386 0.926386 0.926386 0.926386 0.926386 0.926386 0.926386 0.926386 0.926386 0.926386 0.926386 0.926386 0.926386 0.926386 0.926386 0.926386 0.926386 0.926386 0.926386 0.926386 0.926386 0.926386 0.926386 0.926386 0.926386 0.926386 0.926386 0.926386 0.926386 0.926386 0.926386 0.926386 0.926386 0.926386 0.926386 0.926386 0.926386 0.926386 0.926386 0.926386 0.926386 0.926386 0.926386 0.926386 0.926386 0.926386 0.926386 0.926386 0.926386 0.926386 0.926386 0.926386 0.926386 0.926386 0.926386 0.926386 0.926386 0.926386 0.926386 0.926386 0.926386 0.926386 0.926386 0.926386 0.926386 0.926386 0.926386 0.926386 
0.947143 0.947143 0.947143 0.947143 0.947143 0.947143 0.947143 0.947143 0.947143 0.947143 0.947143 0.947143 0.947143 0.947143 0.947143 0.947143 0.947143 0.947143 0.947143 0.947143 0.947143 0.947143 0.947143 0.947143 0.947143 0.947143 0.947143 0.947143 0.947143 0.947143 0.947143 0.947143 0.947143 0.947143 0.947143 0.947143 0.947143 0.947143 0.947143 0.947143 0.947143 0.947143 0.947143 0.947143 0.947143 0.947143 0.947143 0.947143 0.947143 0.947143 0.947143 0.947143 0.947143 0.947143 0.947143 0.947143 0.947143 0.947143 0.947143 0.947143 0.947143 0.947143 0.947143 0.947143 0.947143 0.947143 0.947143 0.947143 0.947143 0.947143 0.947143 0.947143 0.947143 0.947143 0.947143 0.947143 0.947143 0.947143 0.947143 0.947143 0.947143 0.947143 0.947143 0.947143 0.947143 0.947143 0.947143 0.947143 0.947143 0.947143 0.947143 0.947143 0.947143 0.947143 0.947143 0.947143 0.947143 0.947143 0.947143 0.947143 0.947143 
0.967647 0.967647 0.967647 0.967647 0.967647 0.967647 0.967647 0.967647 0.967647 0.967647 0.967647 0.967647 0.967647 0.967647 0.967647 0.967647 0.967647 0.967647 0.967647 0.967647 0.967647 0.967647 0.967647 0.967647 0.967647 0.967647 0.967647 0.967647 0.967647 0.967647 0.967647 0.967647 0.967647 0.967647 0.967647 0.967647 0.967647 0.967647 0.967647 0.967647 0.967647 0.967647 0.967647 0.967647 0.967647 0.967647 0.967647 0.967647 0.967647 0.967647 0.967647 0.967647 0.967647 0.967647 0.967647 0.967647 0.967647 0.967647 0.967647 0.967647 0.967647 0.967647 0.967647 0.967647 0.967647 0.967647 0.967647 0.967647 0.967647 0.967647 0.967647 0.967647 0.967647 0.967647 0.967647 0.967647 0.967647 0.967647 0.967647 0.967647 0.967647 0.967647 0.967647 0.967647 0.967647 0.967647 0.967647 0.967647 0.967647 0.967647 0.967647 0.967647 0.967647 0.967647 0.967647 0.967647 0.967647 0.967647 0.967647 0.967647 0.967647 
0.987907 0.987907 0.987907 0.987907 0.987907 0.987907 0.987907 0.987907 0.987907 0.987907 0.987907 0.987907 0.987907 0.987907 0.987907 0.987907 0.987907 0.987907 0.987907 0.987907 0.987907 0.987907 0.987907 0.987907 0.987907 0.987907 0.987907 0.987907 0.987907 0.987907 0.987907 0.987907 0.987907 0.987907 0.987907 0.987907 0.987907 0.987907 0.987907 0.987907 0.987907 0.987907 0.987907 0.987907 0.987907 0.987907 0.987907 0.987907 0.987907 0.987907 0.987907 0.987907 0.987907 0.987907 0.987907 0.987907 0.987907 0.987907 0.987907 0.987907 0.987907 0.987907 0.987907 0.987907 0.987907 0.987907 0.987907 0.987907 0.987907 0.987907 0.987907 0.987907 0.987907 0.987907 0.987907 0.987907 0.987907 0.987907 0.987907 0.987907 0.987907 0.987907 0.987907 0.987907 0.987907 0.987907 0.987907 0.987907 0.987907 0.987907 0.987907 0.987907 0.987907 0.987907 0.987907 0.987907 0.987907 0.987907 0.987907 0.987907 0.987907 
1.00793 1.00793 1.00793 1.00793 1.00793 1.00793 1.00793 1.00793 1.00793 1.00793 1.00793 1.00793 1.00793 1.00793 1.00793 1.00793 1.00793 1.00793 1.00793 1.00793 1.00793 1.00793 1.00793 1.00793 1.00793 1.00793 1.00793 1.00793 1.00793 1.00793 1.00793 1.00793 1.00793 1.00793 1.00793 1.00793 1.00793 1.00793 1.00793 1.00793 1.00793 1.00793 1.00793 1.00793 1.00793 1.00793 1.00793 1.00793 1.00793 1.00793 1.00793 1.00793 1.00793 1.00793 1.00793 1.00793 1.00793 1.00793 1.00793 1.00793 1.00793 1.00793 1.00793 1.00793 1.00793 1.00793 1.00793 1.00793 1.00793 1.00793 1.00793 1.00793 1.00793 1.00793 1.00793 1.00793 1.00793 1.00793 1.00793 1.00793 1.00793 1.00793 1.00793 1.00793 1.00793 1.00793 1.00793 1.00793 1.00793 1.00793 1.00793 1.00793 1.00793 1.00793 1.00793 1.00793 1.00793 1.00793 1.00793 1.00793 1.00793 
1.02773 1.02773 1.02773 1.02773 1.02773 1.02773 1.02773 1.02773 1.02773 1.02773 1.02773 1.02773 1.02773 1.02773 1.02773 1.02773 1.02773 1.02773 1.02773 1.02773 1.02773 1.02773 1.02773 1.02773 1.02773 1.02773 1.02773 1.02773 1.02773 1.02773 1.02773 1.02773 1.02773 1.02773 1.02773 1.02773 1.02773 1.02773 1.02773 1.02773 1.02773 1.02773 1.02773 1.02773 1.02773 1.02773 1.02773 1.02773 1.02773 1.02773 1.02773 1.02773 1.02773 1.02773 1.02773 1.02773 1.02773 1.02773 1.02773 1.02773 1.02773 1.02773 1.02773 1.02773 1.02773 1.02773 1.02773 1.02773 1.02773 1.02773 1.02773 1.02773 1.02773 1.02773 1.02773 1.02773 1.02773 1.02773 1.02773 1.02773 1.02773 1.02773 1.02773 1.02773 1.02773 1.02773 1.02773 1.02773 1.02773 1.02773 1.02773 1.02773 1.02773 1.02773 1.02773 1.02773 1.02773 1.02773 1.02773 1.02773 1.02773 
1.0473 1.0473 1.0473 1.0473 1.0473 1.0473 1.0473 1.0473 1.0473 1.0473 1.0473 1.0473 1.0473 1.0473 1.0473 1.0473 1.0473 1.0473 1.0473 1.0473 1.0473 1.0473 1.0473 1.0473 1.0473 1.0473 1.0473 1.0473 1.0473 1.0473 1.0473 1.0473 1.0473 1.0473 1.0473 1.0473 1.0473 1.0473 1.0473 1.0473 1.0473 1.0473 1.0473 1.0473 1.0473 1.0473 1.0473 1.0473 1.0473 1.0473 1.0473 1.0473 1.0473 1.0473 1.0473 1.0473 1.0473 1.0473 1.0473 1.0473 1.0473 1.0473 1.0473 1.0473 1.0473 1.0473 1.0473 1.0473 1.0473 1.0473 1.0473 1.0473 1.0473 1.0473 1.0473 1.0473 1.0473 1.0473 1.0473 1.0473 1.0473 1.0473 1.0473 1.0473 1.0473 1.0473 1.0473 1.0473 1.0473 1.0473 1.0473 1.0473 1.0473 1.0473 1.0473 1.0473 1.0473 1.0473 1.0473 1.0473 1.0473 
1.06667 1.06667 1.06667 1.06667 1.06667 1.06667 1.06667 1.06667 1.06667 1.06667 1.06667 1.06667 1.06667 1.06667 1.06667 1.06667 1.06667 1.06667 1.06667 1.06667 1.06667 1.06667 1.06667 1.06667 1.06667 1.06667 1.06667 1.06667 1.06667 1.06667 1.06667 1.06667 1.06667 1.06667 1.06667 1.06667 1.06667 1.06667 1.06667 1.06667 1.06667 1.06667 1.06667 1.06667 1.06667 1.06667 1.06667 1.06667 1.06667 1.06667 1.06667 1.06667 1.06667 1.06667 1.06667 1.06667 1.06667 1.06667 1.06667 1.06667 1.06667 1.06667 1.06667 1.06667 1.06667 1.06667 1.06667 1.06667 1.06667 1.06667 1.06667 1.06667 1.06667 1.06667 1.06667 1.06667 1.06667 1.06667 1.06667 1.06667 1.06667 1.06667 1.06667 1.06667 1.06667 1.06667 1.06667 1.06667 1.06667 1.06667 1.06667 1.06667 1.06667 1.06667 1.06667 1.06667 1.06667 1.06667 1.06667 1.06667 1.06667 
1.08582 1.08582 1.08582 1.08582 1.08582 1.08582 1.08582 1.08582 1.08582 1.08582 1.08582 1.08582 1.08582 1.08582 1.08582 1.08582 1.08582 1.08582 1.08582 1.08582 1.08582 1.08582 1.08582 1.08582 1.08582 1.08582 1.08582 1.08582 1.08582 1.08582 1.08582 1.08582 1.08582 1.08582 1.08582 1.08582 1.08582 1.08582 1.08582 1.08582 1.08582 1.08582 1.08582 1.08582 1.08582 1.08582 1.08582 1.08582 1.08582 1.08582 1.08582 1.08582 1.08582 1.08582 1.08582 1.08582 1.08582 1.08582 1.08582 1.08582 1.08582 1.08582 1.08582 1.08582 1.08582 1.08582 1.08582 1.08582 1.08582 1.08582 1.08582 1.08582 1.08582 1.08582 1.08582 1.08582 1.08582 1.08582 1.08582 1.08582 1.08582 1.08582 1.08582 1.08582 1.08582 1.08582 1.08582 1.08582 1.08582 1.08582 1.08582 1.08582 1.08582 1.08582 1.08582 1.08582 1.08582 1.08582 1.08582 1.08582 1.08582 
1.10478 1.10478 1.10478 1.10478 1.10478 1.10478 1.10478 1.10478 1.10478 1.10478 1.10478 1.10478 1.10478 1.10478 1.10478 1.10478 1.10478 1.10478 1.10478 1.10478 1.10478 1.10478 1.10478 1.10478 1.10478 1.10478 1.10478 1.10478 1.10478 1.10478 1.10478 1.10478 1.10478 1.10478 1.10478 1.10478 1.10478 1.10478 1.10478 1.10478 1.10478 1.10478 1.10478 1.10478 1.10478 1.10478 1.10478 1.10478 1.10478 1.10478 1.10478 1.10478 1.10478 1.10478 1.10478 1.10478 1.10478 1.10478 1.10478 1.10478 1.10478 1.10478 1.10478 1.10478 1.10478 1.10478 1.10478 1.10478 1.10478 1.10478 1.10478 1.10478 1.10478 1.10478 1.10478 1.10478 1.10478 1.10478 1.10478 1.10478 1.10478 1.10478 1.10478 1.10478 1.10478 1.10478 1.10478 1.10478 1.10478 1.10478 1.10478 1.10478 1.10478 1.10478 1.10478 1.10478 1.10478 1.10478 1.10478 1.10478 1.10478 
1.12355 1.12355 1.12355 1.12355 1.12355 1.12355 1.12355 1.12355 1.12355 1.12355 1.12355 1.12355 1.12355 1.12355 1.12355 1.12355 1.12355 1.12355 1.12355 1.12355 1.12355 1.12355 1.12355 1.12355 1.12355 1.12355 1.12355 1.12355 1.12355 1.12355 1.12355 1.12355 1.12355 1.12355 1.12355 1.12355 1.12355 1.12355 1.12355 1.12355 1.12355 1.12355 1.12355 1.12355 1.12355 1.12355 1.12355 1.12355 1.12355 1.12355 1.12355 1.12355 1.12355 1.12355 1.12355 1.12355 1.12355 1.12355 1.12355 1.12355 1.12355 1.12355 1.12355 1.12355 1.12355 1.12355 1.12355 1.12355 1.12355 1.12355 1.12355 1.12355 1.12355 1.12355 1.12355 1.12355 1.12355 1.12355 1.12355 1.12355 1.12355 1.12355 1.12355 1.12355 1.12355 1.12355 1.12355 1.12355 1.12355 1.12355 1.12355 1.12355 1.12355 1.12355 1.12355 1.12355 1.12355 1.12355 1.12355 1.12355 1.12355 
1.14213 1.14213 1.14213 1.14213 1.14213 1.14213 1.14213 1.14213 1.14213 1.14213 1.14213 1.14213 1.14213 1.14213 1.14213 1.14213 1.14213 1.14213 1.14213 1.14213 1.14213 1.14213 1.14213 1.14213 1.14213 1.14213 1.14213 1.14213 1.14213 1.14213 1.14213 1.14213 1.14213 1.14213 1.14213 1.14213 1.14213 1.14213 1.14213 1.14213 1.14213 1.14213 1.14213 1.14213 1.14213 1.14213 1.14213 1.14213 1.14213 1.14213 1.14213 1.14213 1.14213 1.14213 1.14213 1.14213 1.14213 1.14213 1.14213 1.14213 1.14213 1.14213 1.14213 1.14213 1.14213 1.14213 1.14213 1.14213 1.14213 1.14213 1.14213 1.14213 1.14213 1.14213 1.14213 1.14213 1.14213 1.14213 1.14213 1.14213 1.14213 1.14213 1.14213 1.14213 1.14213 1.14213 1.14213 1.14213 1.14213 1.14213 1.14213 1.14213 1.14213 1.14213 1.14213 1.14213 1.14213 1.14213 1.14213 1.14213 1.14213 
1.16053 1.16053 1.16053 1.16053 1.16053 1.16053 1.16053 1.16053 1.16053 1.16053 1.16053 1.16053 1.16053 1.16053 1.16053 1.16053 1.16053 1.16053 1.16053 1.16053 1.16053 1.16053 1.16053 1.16053 1.16053 1.16053 1.16053 1.16053 1.16053 1.16053 1.16053 1.16053 1.16053 1.16053 1.16053 1.16053 1.16053 1.16053 1.16053 1.16053 1.16053 1.16053 1.16053 1.16053 1.16053 1.16053 1.16053 1.16053 1.16053 1.16053 1.16053 1.16053 1.16053 1.16053 1.16053 1.16053 1.16053 1.16053 1.16053 1.16053 1.16053 1.16053 1.16053 1.16053 1.16053 1.16053 1.16053 1.16053 1.16053 1.16053 1.16053 1.16053 1.16053 1.16053 1.16053 1.16053 1.16053 1.16053 1.16053 1.16053 1.16053 1.16053 1.16053 1.16053 1.16053 1.16053 1.16053 1.16053 1.16053 1.16053 1.16053 1.16053 1.16053 1.16053 1.16053 1.16053 1.16053 1.16053 1.16053 1.16053 1.16053 
1.17875 1.17875 1.17875 1.17875 1.17875 1.17875 1.17875 1.17875 1.17875 1.17875 1.17875 1.17875 1.17875 1.17875 1.17875 1.17875 1.17875 1.17875 1.17875 1.17875 1.17875 1.17875 1.17875 1.17875 1.17875 1.17875 1.17875 1.17875 1.17875 1.17875 1.17875 1.17875 1.17875 1.17875 1.17875 1.17875 1.17875 1.17875 1.17875 1.17875 1.17875 1.17875 1.17875 1.17875 1.17875 1.17875 1.17875 1.17875 1.17875 1.17875 1.17875 1.17875 1.17875 1.17875 1.17875 1.17875 1.17875 1.17875 1.17875 1.17875 1.17875 1.17875 1.17875 1.17875 1.17875 1.17875 1.17875 1.17875 1.17875 1.17875 1.17875 1.17875 1.17875 1.17875 1.17875 1.17875 1.17875 1.17875 1.17875 1.17875 1.17875 1.17875 1.17875 1.17875 1.17875 1.17875 1.17875 1.17875 1.17875 1.17875 1.17875 1.17875 1.17875 1.17875 1.17875 1.17875 1.17875 1.17875 1.17875 1.17875 1.17875 
1.1968 1.1968 1.1968 1.1968 1.1968 1.1968 1.1968 1.1968 1.1968 1.1968 1.1968 1.1968 1.1968 1.1968 1.1968 1.1968 1.1968 1.1968 1.1968 1.1968 1.1968 1.1968 1.1968 1.1968 1.1968 1.1968 1.1968 1.1968 1.1968 1.1968 1.1968 1.1968 1.1968 1.1968 1.1968 1.1968 1.1968 1.1968 1.1968 1.1968 1.1968 1.1968 1.1968 1.1968 1.1968 1.1968 1.1968 1.1968 1.1968 1.1968 1.1968 1.1968 1.1968 1.1968 1.1968 1.1968 1.1968 1.1968 1.1968 1.1968 1.1968 1.1968 1.1968 1.1968 1.1968 1.1968 1.1968 1.1968 1.1968 1.1968 1.1968 1.1968 1.1968 1.1968 1.1968 1.1968 1.1968 1.1968 1.1968 1.1968 1.1968 1.1968 1.1968 1.1968 1.1968 1.1968 1.1968 1.1968 1.1968 1.1968 1.1968 1.1968 1.1968 1.1968 1.1968 1.1968 1.1968 1.1968 1.1968 1.1968 1.1968 
1.21469 1.21469 1.21469 1.21469 1.21469 1.21469 1.21469 1.21469 1.21469 1.21469 1.21469 1.21469 1.21469 1.21469 1.21469 1.21469 1.21469 1.21469 1.21469 1.21469 1.21469 1.21469 1.21469 1.21469 1.21469 1.21469 1.21469 1.21469 1.21469 1.21469 1.21469 1.21469 1.21469 1.21469 1.21469 1.21469 1.21469 1.21469 1.21469 1.21469 1.21469 1.21469 1.21469 1.21469 1.21469 1.21469 1.21469 1.21469 1.21469 1.21469 1.21469 1.21469 1.21469 1.21469 1.21469 1.21469 1.21469 1.21469 1.21469 1.21469 1.21469 1.21469 1.21469 1.21469 1.21469 1.21469 1.21469 1.21469 1.21469 1.21469 1.21469 1.21469 1.21469 1.21469 1.21469 1.21469 1.21469 1.21469 1.21469 1.21469 1.21469 1.21469 1.21469 1.21469 1.21469 1.21469 1.21469 1.21469 1.21469 1.21469 1.21469 1.21469 1.21469 1.21469 1.21469 1.21469 1.21469 1.21469 1.21469 1.21469 1.21469 
1.23242 1.23242 1.23242 1.23242 1.23242 1.23242 1.23242 1.23242 1.23242 1.23242 1.23242 1.23242 1.23242 1.23242 1.23242 1.23242 1.23242 1.23242 1.23242 1.23242 1.23242 1.23242 1.23242 1.23242 1.23242 1.23242 1.23242 1.23242 1.23242 1.23242 1.23242 1.23242 1.23242 1.23242 1.23242 1.23242 1.23242 1.23242 1.23242 1.23242 1.23242 1.23242 1.23242 1.23242 1.23242 1.23242 1.23242 1.23242 1.23242 1.23242 1.23242 1.23242 1.23242 1.23242 1.23242 1.23242 1.23242 1.23242 1.23242 1.23242 1.23242 1.23242 1.23242 1.23242 1.23242 1.23242 1.23242 1.23242 1.23242 1.23242 1.23242 1.23242 1.23242 1.23242 1.23242 1.23242 1.23242 1.23242 1.23242 1.23242 1.23242 1.23242 1.23242 1.23242 1.23242 1.23242 1.23242 1.23242 1.23242 1.23242 1.23242 1.23242 1.23242 1.23242 1.23242 1.23242 1.23242 1.23242 1.23242 1.23242 1.23242 
1.25 1.25 1.25 1.25 1.25 1.25 1.25 1.25 1.25 1.25 1.25 1.25 1.25 1.25 1.25 1.25 1.25 1.25 1.25 1.25 1.25 1.25 1.25 1.25 1.25 1.25 1.25 1.25 1.25 1.25 1.25 1.25 1.25 1.25 1.25 1.25 1.25 1.25 1.25 1.25 1.25 1.25 1.25 1.25 1.25 1.25 1.25 1.25 1.25 1.25 1.25 1.25 1.25 1.25 1.25 1.25 1.25 1.25 1.25 1.25 1.25 1.25 1.25 1.25 1.25 1.25 1.25 1.25 1.25 1.25 1.25 1.25 1.25 1.25 1.25 1.25 1.25 1.25 1.25 1.25 1.25 1.25 1.25 1.25 1.25 1.25 1.25 1.25 1.25 1.25 1.25 1.25 1.25 1.25 1.25 1.25 1.25 1.25 1.25 1.25 1.25 
1.26743 1.26743 1.26743 1.26743 1.26743 1.26743 1.26743 1.26743 1.26743 1.26743 1.26743 1.26743 1.26743 1.26743 1.26743 1.26743 1.26743 1.26743 1.26743 1.26743 1.26743 1.26743 1.26743 1.26743 1.26743 1.26743 1.26743 1.26743 1.26743 1.26743 1.26743 1.26743 1.26743 1.26743 1.26743 1.26743 1.26743 1.26743 1.26743 1.26743 1.26743 1.26743 1.26743 1.26743 1.26743 1.26743 1.26743 1.26743 1.26743 1.26743 1.26743 1.26743 1.26743 1.26743 1.26743 1.26743 1.26743 1.26743 1.26743 1.26743 1.26743 1.26743 1.26743 1.26743 1.26743 1.26743 1.26743 1.26743 1.26743 1.26743 1.26743 1.26743 1.26743 1.26743 1.26743 1.26743 1.26743 1.26743 1.26743 1.26743 1.26743 1.26743 1.26743 1.26743 1.26743 1.26743 1.26743 1.26743 1.26743 1.26743 1.26743 1.26743 1.26743 1.26743 1.26743 1.26743 1.26743 1.26743 1.26743 1.26743 1.26743 
1.28471 1.28471 1.28471 1.28471 1.28471 1.28471 1.28471 1.28471 1.28471 1.28471 1.28471 1.28471 1.28471 1.28471 1.28471 1.28471 1.28471 1.28471 1.28471 1.28471 1.28471 1.28471 1.28471 1.28471 1.28471 1.28471 1.28471 1.28471 1.28471 1.28471 1.28471 1.28471 1.28471 1.28471 1.28471 1.28471 1.28471 1.28471 1.28471 1.28471 1.28471 1.28471 1.28471 1.28471 1.28471 1.28471 1.28471 1.28471 1.28471 1.28471 1.28471 1.28471 1.28471 1.28471 1.28471 1.28471 1.28471 1.28471 1.28471 1.28471 1.28471 1.28471 1.28471 1.28471 1.28471 1.28471 1.28471 1.28471 1.28471 1.28471 1.28471 1.28471 1.28471 1.28471 1.28471 1.28471 1.28471 1.28471 1.28471 1.28471 1.28471 1.28471 1.28471 1.28471 1.28471 1.28471 1.28471 1.28471 1.28471 1.28471 1.28471 1.28471 1.28471 1.28471 1.28471 1.28471 1.28471 1.28471 1.28471 1.28471 1.28471 
1.30184 1.30184 1.30184 1.30184 1.30184 1.30184 1.30184 1.30184 1.30184 1.30184 1.30184 1.30184 1.30184 1.30184 1.30184 1.30184 1.30184 1.30184 1.30184 1.30184 1.30184 1.30184 1.30184 1.30184 1.30184 1.30184 1.30184 1.30184 1.30184 1.30184 1.30184 1.30184 1.30184 1.30184 1.30184 1.30184 1.30184 1.30184 1.30184 1.30184 1.30184 1.30184 1.30184 1.30184 1.30184 1.30184 1.30184 1.30184 1.30184 1.30184 1.30184 1.30184 1.30184 1.30184 1.30184 1.30184 1.30184 1.30184 1.30184 1.30184 1.30184 1.30184 1.30184 1.30184 1.30184 1.30184 1.30184 1.30184 1.30184 1.30184 1.30184 1.30184 1.30184 1.30184 1.30184 1.30184 1.30184 1.30184 1.30184 1.30184 1.30184 1.30184 1.30184 1.30184 1.30184 1.30184 1.30184 1.30184 1.30184 1.30184 1.30184 1.30184 1.30184 1.30184 1.30184 1.30184 1.30184 1.30184 1.30184 1.30184 1.30184 
1.31885 1.31885 1.31885 1.31885 1.31885 1.31885 1.31885 1.31885 1.31885 1.31885 1.31885 1.31885 1.31885 1.31885 1.31885 1.31885 1.31885 1.31885 1.31885 1.31885 1.31885 1.31885 1.31885 1.31885 1.31885 1.31885 1.31885 1.31885 1.31885 1.31885 1.31885 1.31885 1.31885 1.31885 1.31885 1.31885 1.31885 1.31885 1.31885 1.31885 1.31885 1.31885 1.31885 1.31885 1.31885 1.31885 1.31885 1.31885 1.31885 1.31885 1.31885 1.31885 1.31885 1.31885 1.31885 1.31885 1.31885 1.31885 1.31885 1.31885 1.31885 1.31885 1.31885 1.31885 1.31885 1.31885 1.31885 1.31885 1.31885 1.31885 1.31885 1.31885 1.31885 1.31885 1.31885 1.31885 1.31885 1.31885 1.31885 1.31885 1.31885 1.31885 1.31885 1.31885 1.31885 1.31885 1.31885 1.31885 1.31885 1.31885 1.31885 1.31885 1.31885 1.31885 1.31885 1.31885 1.31885 1.31885 1.31885 1.31885 1.31885 
1.33571 1.33571 1.33571 1.33571 1.33571 1.33571 1.33571 1.33571 1.33571 1.33571 1.33571 1.33571 1.33571 1.33571 1.33571 1.33571 1.33571 1.33571 1.33571 1.33571 1.33571 1.33571 1.33571 1.33571 1.33571 1.33571 1.33571 1.33571 1.33571 1.33571 1.33571 1.33571 1.33571 1.33571 1.33571 1.33571 1.33571 1.33571 1.33571 1.33571 1.33571 1.33571 1.33571 1.33571 1.33571 1.33571 1.33571 1.33571 1.33571 1.33571 1.33571 1.33571 1.33571 1.33571 1.33571 1.33571 1.33571 1.33571 1.33571 1.33571 1.33571 1.33571 1.33571 1.33571 1.33571 1.33571 1.33571 1.33571 1.33571 1.33571 1.33571 1.33571 1.33571 1.33571 1.33571 1.33571 1.33571 1.33571 1.33571 1.33571 1.33571 1.33571 1.33571 1.33571 1.33571 1.33571 1.33571 1.33571 1.33571 1.33571 1.33571 1.33571 1.33571 1.33571 1.33571 1.33571 1.33571 1.33571 1.33571 1.33571 1.33571 
1.35245 1.35245 1.35245 1.35245 1.35245 1.35245 1.35245 1.35245 1.35245 1.35245 1.35245 1.35245 1.35245 1.35245 1.35245 1.35245 1.35245 1.35245 1.35245 1.35245 1.35245 1.35245 1.35245 1.35245 1.35245 1.35245 1.35245 1.35245 1.35245 1.35245 1.35245 1.35245 1.35245 1.35245 1.35245 1.35245 1.35245 1.35245 1.35245 1.35245 1.35245 1.35245 1.35245 1.35245 1.35245 1.35245 1.35245 1.35245 1.35245 1.35245 1.35245 1.35245 1.35245 1.35245 1.35245 1.35245 1.35245 1.35245 1.35245 1.35245 1.35245 1.35245 1.35245 1.35245 1.35245 1.35245 1.35245 1.35245 1.35245 1.35245 1.35245 1.35245 1.35245 1.35245 1.35245 1.35245 1.35245 1.35245 1.35245 1.35245 1.35245 1.35245 1.35245 1.35245 1.35245 1.35245 1.35245 1.35245 1.35245 1.35245 1.35245 1.35245 1.35245 1.35245 1.35245 1.35245 1.35245 1.35245 1.35245 1.35245 1.35245 
1.36907 1.36907 1.36907 1.36907 1.36907 1.36907 1.36907 1.36907 1.36907 1.36907 1.36907 1.36907 1.36907 1.36907 1.36907 1.36907 1.36907 1.36907 1.36907 1.36907 1.36907 1.36907 1.36907 1.36907 1.36907 1.36907 1.36907 1.36907 1.36907 1.36907 1.36907 1.36907 1.36907 1.36907 1.36907 1.36907 1.36907 1.36907 1.36907 1.36907 1.36907 1.36907 1.36907 1.36907 1.36907 1.36907 1.36907 1.36907 1.36907 1.36907 1.36907 1.36907 1.36907 1.36907 1.36907 1.36907 1.36907 1.36907 1.36907 1.36907 1.36907 1.36907 1.36907 1.36907 1.36907 1.36907 1.36907 1.36907 1.36907 1.36907 1.36907 1.36907 1.36907 1.36907 1.36907 1.36907 1.36907 1.36907 1.36907 1.36907 1.36907 1.36907 1.36907 1.36907 1.36907 1.36907 1.36907 1.36907 1.36907 1.36907 1.36907 1.36907 1.36907 1.36907 1.36907 1.36907 1.36907 1.36907 1.36907 1.36907 1.36907 
1.38556 1.38556 1.38556 1.38556 1.38556 1.38556 1.38556 1.38556 1.38556 1.38556 1.38556 1.38556 1.38556 1.38556 1.38556 1.38556 1.38556 1.38556 1.38556 1.38556 1.38556 1.38556 1.38556 1.38556 1.38556 1.38556 1.38556 1.38556 1.38556 1.38556 1.38556 1.38556 1.38556 1.38556 1.38556 1.38556 1.38556 1.38556 1.38556 1.38556 1.38556 1.38556 1.38556 1.38556 1.38556 1.38556 1.38556 1.38556 1.38556 1.38556 1.38556 1.38556 1.38556 1.38556 1.38556 1.38556 1.38556 1.38556 1.38556 1.38556 1.38556 1.38556 1.38556 1.38556 1.38556 1.38556 1.38556 1.38556 1.38556 1.38556 1.38556 1.38556 1.38556 1.38556 1.38556 1.38556 1.38556 1.38556 1.38556 1.38556 1.38556 1.38556 1.38556 1.38556 1.38556 1.38556 1.38556 1.38556 1.38556 1.38556 1.38556 1.38556 1.38556 1.38556 1.38556 1.38556 1.38556 1.38556 1.38556 1.38556 1.38556 
1.40193 1.40193 1.40193 1.40193 1.40193 1.40193 1.40193 1.40193 1.40193 1.40193 1.40193 1.40193 1.40193 1.40193 1.40193 1.40193 1.40193 1.40193 1.40193 1.40193 1.40193 1.40193 1.40193 1.40193 1.40193 1.40193 1.40193 1.40193 1.40193 1.40193 1.40193 1.40193 1.40193 1.40193 1.40193 1.40193 1.40193 1.40193 1.40193 1.40193 1.40193 1.40193 1.40193 1.40193 1.40193 1.40193 1.40193 1.40193 1.40193 1.40193 1.40193 1.40193 1.40193 1.40193 1.40193 1.40193 1.40193 1.40193 1.40193 1.40193 1.40193 1.40193 1.40193 1.40193 1.40193 1.40193 1.40193 1.40193 1.40193 1.40193 1.40193 1.40193 1.40193 1.40193 1.40193 1.40193 1.40193 1.40193 1.40193 1.40193 1.40193 1.40193 1.40193 1.40193 1.40193 1.40193 1.40193 1.40193 1.40193 1.40193 1.40193 1.40193 1.40193 1.40193 1.40193 1.40193 1.40193 1.40193 1.40193 1.40193 1.40193 
1.41818 1.41818 1.41818 1.41818 1.41818 1.41818 1.41818 1.41818 1.41818 1.41818 1.41818 1.41818 1.41818 1.41818 1.41818 1.41818 1.41818 1.41818 1.41818 1.41818 1.41818 1.41818 1.41818 1.41818 1.41818 1.41818 1.41818 1.41818 1.41818 1.41818 1.41818 1.41818 1.41818 1.41818 1.41818 1.41818 1.41818 1.41818 1.41818 1.41818 1.41818 1.41818 1.41818 1.41818 1.41818 1.41818 1.41818 1.41818 1.41818 1.41818 1.41818 1.41818 1.41818 1.41818 1.41818 1.41818 1.41818 1.41818 1.41818 1.41818 1.41818 1.41818 1.41818 1.41818 1.41818 1.41818 1.41818 1.41818 1.41818 1.41818 1.41818 1.41818 1.41818 1.41818 1.41818 1.41818 1.41818 1.41818 1.41818 1.41818 1.41818 1.41818 1.41818 1.41818 1.41818 1.41818 1.41818 1.41818 1.41818 1.41818 1.41818 1.41818 1.41818 1.41818 1.41818 1.41818 1.41818 1.41818 1.41818 1.41818 1.41818 
1.43432 1.43432 1.43432 1.43432 1.43432 1.43432 1.43432 1.43432 1.43432 1.43432 1.43432 1.43432 1.43432 1.43432 1.43432 1.43432 1.43432 1.43432 1.43432 1.43432 1.43432 1.43432 1.43432 1.43432 1.43432 1.43432 1.43432 1.43432 1.43432 1.43432 1.43432 1.43432 1.43432 1.43432 1.43432 1.43432 1.43432 1.43432 1.43432 1.43432 1.43432 1.43432 1.43432 1.43432 1.43432 1.43432 1.43432 1.43432 1.43432 1.43432 1.43432 1.43432 1.43432 1.43432 1.43432 1.43432 1.43432 1.43432 1.43432 1.43432 1.43432 1.43432 1.43432 1.43432 1.43432 1.43432 1.43432 1.43432 1.43432 1.43432 1.43432 1.43432 1.43432 1.43432 1.43432 1.43432 1.43432 1.43432 1.43432 1.43432 1.43432 1.43432 1.43432 1.43432 1.43432 1.43432 1.43432 1.43432 1.43432 1.43432 1.43432 1.43432 1.43432 1.43432 1.43432 1.43432 1.43432 1.43432 1.43432 1.43432 1.43432 
1.45036 1.45036 1.45036 1.45036 1.45036 1.45036 1.45036 1.45036 1.45036 1.45036 1.45036 1.45036 1.45036 1.45036 1.45036 1.45036 1.45036 1.45036 1.45036 1.45036 1.45036 1.45036 1.45036 1.45036 1.45036 1.45036 1.45036 1.45036 1.45036 1.45036 1.45036 1.45036 1.45036 1.45036 1.45036 1.45036 1.45036 1.45036 1.45036 1.45036 1.45036 1.45036 1.45036 1.45036 1.45036 1.45036 1.45036 1.45036 1.45036 1.45036 1.45036 1.45036 1.45036 1.45036 1.45036 1.45036 1.45036 1.45036 1.45036 1.45036 1.45036 1.45036 1.45036 1.45036 1.45036 1.45036 1.45036 1.45036 1.45036 1.45036 1.45036 1.45036 1.45036 1.45036 1.45036 1.45036 1.45036 1.45036 1.45036 1.45036 1.45036 1.45036 1.45036 1.45036 1.45036 1.45036 1.45036 1.45036 1.45036 1.45036 1.45036 1.45036 1.45036 1.45036 1.45036 1.45036 1.45036 1.45036 1.45036 1.45036 1.45036 
1.46628 1.46628 1.46628 1.46628 1.46628 1.46628 1.46628 1.46628 1.46628 1.46628 1.46628 1.46628 1.46628 1.46628 1.46628 1.46628 1.46628 1.46628 1.46628 1.46628 1.46628 1.46628 1.46628 1.46628 1.46628 1.46628 1.46628 1.46628 1.46628 1.46628 1.46628 1.46628 1.46628 1.46628 1.46628 1.46628 1.46628 1.46628 1.46628 1.46628 1.46628 1.46628 1.46628 1.46628 1.46628 1.46628 1.46628 1.46628 1.46628 1.46628 1.46628 1.46628 1.46628 1.46628 1.46628 1.46628 1.46628 1.46628 1.46628 1.46628 1.46628 1.46628 1.46628 1.46628 1.46628 1.46628 1.46628 1.46628 1.46628 1.46628 1.46628 1.46628 1.46628 1.46628 1.46628 1.46628 1.46628 1.46628 1.46628 1.46628 1.46628 1.46628 1.46628 1.46628 1.46628 1.46628 1.46628 1.46628 1.46628 1.46628 1.46628 1.46628 1.46628 1.46628 1.46628 1.46628 1.46628 1.46628 1.46628 1.46628 1.46628 
1.48211 1.48211 1.48211 1.48211 1.48211 1.48211 1.48211 1.48211 1.48211 1.48211 1.48211 1.48211 1.48211 1.48211 1.48211 1.48211 1.48211 1.48211 1.48211 1.48211 1.48211 1.48211 1.48211 1.48211 1.48211 1.48211 1.48211 1.48211 1.48211 1.48211 1.48211 1.48211 1.48211 1.48211 1.48211 1.48211 1.48211 1.48211 1.48211 1.48211 1.48211 1.48211 1.48211 1.48211 1.48211 1.48211 1.48211 1.48211 1.48211 1.48211 1.48211 1.48211 1.48211 1.48211 1.48211 1.48211 1.48211 1.48211 1.48211 1.48211 1.48211 1.48211 1.48211 1.48211 1.48211 1.48211 1.48211 1.48211 1.48211 1.48211 1.48211 1.48211 1.48211 1.48211 1.48211 1.48211 1.48211 1.48211 1.48211 1.48211 1.48211 1.48211 1.48211 1.48211 1.48211 1.48211 1.48211 1.48211 1.48211 1.48211 1.48211 1.48211 1.48211 1.48211 1.48211 1.48211 1.48211 1.48211 1.48211 1.48211 1.48211 
1.49783 1.49783 1.49783 1.49783 1.49783 1.49783 1.49783 1.49783 1.49783 1.49783 1.49783 1.49783 1.49783 1.49783 1.49783 1.49783 1.49783 1.49783 1.49783 1.49783 1.49783 1.49783 1.49783 1.49783 1.49783 1.49783 1.49783 1.49783 1.49783 1.49783 1.49783 1.49783 1.49783 1.49783 1.49783 1.49783 1.49783 1.49783 1.49783 1.49783 1.49783 1.49783 1.49783 1.49783 1.49783 1.49783 1.49783 1.49783 1.49783 1.49783 1.49783 1.49783 1.49783 1.49783 1.49783 1.49783 1.49783 1.49783 1.49783 1.49783 1.49783 1.49783 1.49783 1.49783 1.49783 1.49783 1.49783 1.49783 1.49783 1.49783 1.49783 1.49783 1.49783 1.49783 1.49783 1.49783 1.49783 1.49783 1.49783 1.49783 1.49783 1.49783 1.49783 1.49783 1.49783 1.49783 1.49783 1.49783 1.49783 1.49783 1.49783 1.49783 1.49783 1.49783 1.49783 1.49783 1.49783 1.49783 1.49783 1.49783 1.49783 
1.51345 1.51345 1.51345 1.51345 1.51345 1.51345 1.51345 1.51345 1.51345 1.51345 1.51345 1.51345 1.51345 1.51345 1.51345 1.51345 1.51345 1.51345 1.51345 1.51345 1.51345 1.51345 1.51345 1.51345 1.51345 1.51345 1.51345 1.51345 1.51345 1.51345 1.51345 1.51345 1.51345 1.51345 1.51345 1.51345 1.51345 1.51345 1.51345 1.51345 1.51345 1.51345 1.51345 1.51345 1.51345 1.51345 1.51345 1.51345 1.51345 1.51345 1.51345 1.51345 1.51345 1.51345 1.51345 1.51345 1.51345 1.51345 1.51345 1.51345 1.51345 1.51345 1.51345 1.51345 1.51345 1.51345 1.51345 1.51345 1.51345 1.51345 1.51345 1.51345 1.51345 1.51345 1.51345 1.51345 1.51345 1.51345 1.51345 1.51345 1.51345 1.51345 1.51345 1.51345 1.51345 1.51345 1.51345 1.51345 1.51345 1.51345 1.51345 1.51345 1.51345 1.51345 1.51345 1.51345 1.51345 1.51345 1.51345 1.51345 1.51345 
1.52897 1.52897 1.52897 1.52897 1.52897 1.52897 1.52897 1.52897 1.52897 1.52897 1.52897 1.52897 1.52897 1.52897 1.52897 1.52897 1.52897 1.52897 1.52897 1.52897 1.52897 1.52897 1.52897 1.52897 1.52897 1.52897 1.52897 1.52897 1.52897 1.52897 1.52897 1.52897 1.52897 1.52897 1.52897 1.52897 1.52897 1.52897 1.52897 1.52897 1.52897 1.52897 1.52897 1.52897 1.52897 1.52897 1.52897 1.52897 1.52897 1.52897 1.52897 1.52897 1.52897 1.52897 1.52897 1.52897 1.52897 1.52897 1.52897 1.52897 1.52897 1.52897 1.52897 1.52897 1.52897 1.52897 1.52897 1.52897 1.52897 1.52897 1.52897 1.52897 1.52897 1.52897 1.52897 1.52897 1.52897 1.52897 1.52897 1.52897 1.52897 1.52897 1.52897 1.52897 1.52897 1.52897 1.52897 1.52897 1.52897 1.52897 1.52897 1.52897 1.52897 1.52897 1.52897 1.52897 1.52897 1.52897 1.52897 1.52897 1.52897 
1.54441 1.54441 1.54441 1.54441 1.54441 1.54441 1.54441 1.54441 1.54441 1.54441 1.54441 1.54441 1.54441 1.54441 1.54441 1.54441 1.54441 1.54441 1.54441 1.54441 1.54441 1.54441 1.54441 1.54441 1.54441 1.54441 1.54441 1.54441 1.54441 1.54441 1.54441 1.54441 1.54441 1.54441 1.54441 1.54441 1.54441 1.54441 1.54441 1.54441 1.54441 1.54441 1.54441 1.54441 1.54441 1.54441 1.54441 1.54441 1.54441 1.54441 1.54441 1.54441 1.54441 1.54441 1.54441 1.54441 1.54441 1.54441 1.54441 1.54441 1.54441 1.54441 1.54441 1.54441 1.54441 1.54441 1.54441 1.54441 1.54441 1.54441 1.54441 1.54441 1.54441 1.54441 1.54441 1.54441 1.54441 1.54441 1.54441 1.54441 1.54441 1.54441 1.54441 1.54441 1.54441 1.54441 1.54441 1.54441 1.54441 1.54441 1.54441 1.54441 1.54441 1.54441 1.54441 1.54441 1.54441 1.54441 1.54441 1.54441 1.54441 
1.55975 1.55975 1.55975 1.55975 1.55975 1.55975 1.55975 1.55975 1.55975 1.55975 1.55975 1.55975 1.55975 1.55975 1.55975 1.55975 1.55975 1.55975 1.55975 1.55975 1.55975 1.55975 1.55975 1.55975 1.55975 1.55975 1.55975 1.55975 1.55975 1.55975 1.55975 1.55975 1.55975 1.55975 1.55975 1.55975 1.55975 1.55975 1.55975 1.55975 1.55975 1.55975 1.55975 1.55975 1.55975 1.55975 1.55975 1.55975 1.55975 1.55975 1.55975 1.55975 1.55975 1.55975 1.55975 1.55975 1.55975 1.55975 1.55975 1.55975 1.55975 1.55975 1.55975 1.55975 1.55975 1.55975 1.55975 1.55975 1.55975 1.55975 1.55975 1.55975 1.55975 1.55975 1.55975 1.55975 1.55975 1.55975 1.55975 1.55975 1.55975 1.55975 1.55975 1.55975 1.55975 1.55975 1.55975 1.55975 1.55975 1.55975 1.55975 1.55975 1.55975 1.55975 1.55975 1.55975 1.55975 1.55975 1.55975 1.55975 1.55975 
1.575 1.575 1.575 1.575 1.575 1.575 1.575 1.575 1.575 1.575 1.575 1.575 1.575 1.575 1.575 1.575 1.575 1.575 1.575 1.575 1.575 1.575 1.575 1.575 1.575 1.575 1.575 1.575 1.575 1.575 1.575 1.575 1.575 1.575 1.575 1.575 1.575 1.575 1.575 1.575 1.575 1.575 1.575 1.575 1.575 1.575 1.575 1.575 1.575 1.575 1.575 1.575 1.575 1.575 1.575 1.575 1.575 1.575 1.575 1.575 1.575 1.575 1.575 1.575 1.575 1.575 1.575 1.575 1.575 1.575 1.575 1.575 1.575 1.575 1.575 1.575 1.575 1.575 1.575 1.575 1.575 1.575 1.575 1.575 1.575 1.575 1.575 1.575 1.575 1.575 1.575 1.575 1.575 1.575 1.575 1.575 1.575 1.575 1.575 1.575 1.575 
1.59017 1.59017 1.59017 1.59017 1.59017 1.59017 1.59017 1.59017 1.59017 1.59017 1.59017 1.59017 1.59017 1.59017 1.59017 1.59017 1.59017 1.59017 1.59017 1.59017 1.59017 1.59017 1.59017 1.59017 1.59017 1.59017 1.59017 1.59017 1.59017 1.59017 1.59017 1.59017 1.59017 1.59017 1.59017 1.59017 1.59017 1.59017 1.59017 1.59017 1.59017 1.59017 1.59017 1.59017 1.59017 1.59017 1.59017 1.59017 1.59017 1.59017 1.59017 1.59017 1.59017 1.59017 1.59017 1.59017 1.59017 1.59017 1.59017 1.59017 1.59017 1.59017 1.59017 1.59017 1.59017 1.59017 1.59017 1.59017 1.59017 1.59017 1.59017 1.59017 1.59017 1.59017 1.59017 1.59017 1.59017 1.59017 1.59017 1.59017 1.59017 1.59017 1.59017 1.59017 1.59017 1.59017 1.59017 1.59017 1.59017 1.59017 1.59017 1.59017 1.59017 1.59017 1.59017 1.59017 1.59017 1.59017 1.59017 1.59017 1.59017 
1.60525 1.60525 1.60525 1.60525 1.60525 1.60525 1.60525 1.60525 1.60525 1.60525 1.60525 1.60525 1.60525 1.60525 1.60525 1.60525 1.60525 1.60525 1.60525 1.60525 1.60525 1.60525 1.60525 1.60525 1.60525 1.60525 1.60525 1.60525 1.60525 1.60525 1.60525 1.60525 1.60525 1.60525 1.60525 1.60525 1.60525 1.60525 1.60525 1.60525 1.60525 1.60525 1.60525 1.60525 1.60525 1.60525 1.60525 1.60525 1.60525 1.60525 1.60525 1.60525 1.60525 1.60525 1.60525 1.60525 1.60525 1.60525 1.60525 1.60525 1.60525 1.60525 1.60525 1.60525 1.60525 1.60525 1.60525 1.60525 1.60525 1.60525 1.60525 1.60525 1.60525 1.60525 1.60525 1.60525 1.60525 1.60525 1.60525 1.60525 1.60525 1.60525 1.60525 1.60525 1.60525 1.60525 1.60525 1.60525 1.60525 1.60525 1.60525 1.60525 1.60525 1.60525 1.60525 1.60525 1.60525 1.60525 1.60525 1.60525 1.60525 
1.62024 1.62024 1.62024 1.62024 1.62024 1.62024 1.62024 1.62024 1.62024 1.62024 1.62024 1.62024 1.62024 1.62024 1.62024 1.62024 1.62024 1.62024 1.62024 1.62024 1.62024 1.62024 1.62024 1.62024 1.62024 1.62024 1.62024 1.62024 1.62024 1.62024 1.62024 1.62024 1.62024 1.62024 1.62024 1.62024 1.62024 1.62024 1.62024 1.62024 1.62024 1.62024 1.62024 1.62024 1.62024 1.62024 1.62024 1.62024 1.62024 1.62024 1.62024 1.62024 1.62024 1.62024 1.62024 1.62024 1.62024 1.62024 1.62024 1.62024 1.62024 1.62024 1.62024 1.62024 1.62024 1.62024 1.62024 1.62024 1.62024 1.62024 1.62024 1.62024 1.62024 1.62024 1.62024 1.62024 1.62024 1.62024 1.62024 1.62024 1.62024 1.62024 1.62024 1.62024 1.62024 1.62024 1.62024 1.62024 1.62024 1.62024 1.62024 1.62024 1.62024 1.62024 1.62024 1.62024 1.62024 1.62024 1.62024 1.62024 1.62024 
1.63516 1.63516 1.63516 1.63516 1.63516 1.63516 1.63516 1.63516 1.63516 1.63516 1.63516 1.63516 1.63516 1.63516 1.63516 1.63516 1.63516 1.63516 1.63516 1.63516 1.63516 1.63516 1.63516 1.63516 1.63516 1.63516 1.63516 1.63516 1.63516 1.63516 1.63516 1.63516 1.63516 1.63516 1.63516 1.63516 1.63516 1.63516 1.63516 1.63516 1.63516 1.63516 1.63516 1.63516 1.63516 1.63516 1.63516 1.63516 1.63516 1.63516 1.63516 1.63516 1.63516 1.63516 1.63516 1.63516 1.63516 1.63516 1.63516 1.63516 1.63516 1.63516 1.63516 1.63516 1.63516 1.63516 1.63516 1.63516 1.63516 1.63516 1.63516 1.63516 1.63516 1.63516 1.63516 1.63516 1.63516 1.63516 1.63516 1.63516 1.63516 1.63516 1.63516 1.63516 1.63516 1.63516 1.63516 1.63516 1.63516 1.63516 1.63516 1.63516 1.63516 1.63516 1.63516 1.63516 1.63516 1.63516 1.63516 1.63516 1.63516 
1.65 1.65 1.65 1.65 1.65 1.65 1.65 1.65 1.65 1.65 1.65 1.65 1.65 1.65 1.65 1.65 1.65 1.65 1.65 1.65 1.65 1.65 1.65 1.65 1.65 1.65 1.65 1.65 1.65 1.65 1.65 1.65 1.65 1.65 1.65 1.65 1.65 1.65 1.65 1.65 1.65 1.65 1.65 1.65 1.65 1.65 1.65 1.65 1.65 1.65 1.65 1.65 1.65 1.65 1.65 1.65 1.65 1.65 1.65 1.65 1.65 1.65 1.65 1.65 1.65 1.65 1.65 1.65 1.65 1.65 1.65 1.65 1.65 1.65 1.65 1.65 1.65 1.65 1.65 1.65 1.65 1.65 1.65 1.65 1.65 1.65 1.65 1.65 1.65 1.65 1.65 1.65 1.65 1.65 1.65 1.65 1.65 1.65 1.65 1.65 1.65 
1.66476 1.66476 1.66476 1.66476 1.66476 1.66476 1.66476 1.66476 1.66476 1.66476 1.66476 1.66476 1.66476 1.66476 1.66476 1.66476 1.66476 1.66476 1.66476 1.66476 1.66476 1.66476 1.66476 1.66476 1.66476 1.66476 1.66476 1.66476 1.66476 1.66476 1.66476 1.66476 1.66476 1.66476 1.66476 1.66476 1.66476 1.66476 1.66476 1.66476 1.66476 1.66476 1.66476 1.66476 1.66476 1.66476 1.66476 1.66476 1.66476 1.66476 1.66476 1.66476 1.66476 1.66476 1.66476 1.66476 1.66476 1.66476 1.66476 1.66476 1.66476 1.66476 1.66476 1.66476 1.66476 1.66476 1.66476 1.66476 1.66476 1.66476 1.66476 1.66476 1.66476 1.66476 1.66476 1.66476 1.66476 1.66476 1.66476 1.66476 1.66476 1.66476 1.66476 1.66476 1.66476 1.66476 1.66476 1.66476 1.66476 1.66476 1.66476 1.66476 1.66476 1.66476 1.66476 1.66476 1.66476 1.66476 1.66476 1.66476 1.66476 
1.67945 1.67945 1.67945 1.67945 1.67945 1.67945 1.67945 1.67945 1.67945 1.67945 1.67945 1.67945 1.67945 1.67945 1.67945 1.67945 1.67945 1.67945 1.67945 1.67945 1.67945 1.67945 1.67945 1.67945 1.67945 1.67945 1.67945 1.67945 1.67945 1.67945 1.67945 1.67945 1.67945 1.67945 1.67945 1.67945 1.67945 1.67945 1.67945 1.67945 1.67945 1.67945 1.67945 1.67945 1.67945 1.67945 1.67945 1.67945 1.67945 1.67945 1.67945 1.67945 1.67945 1.67945 1.67945 1.67945 1.67945 1.67945 1.67945 1.67945 1.67945 1.67945 1.67945 1.67945 1.67945 1.67945 1.67945 1.67945 1.67945 1.67945 1.67945 1.67945 1.67945 1.67945 1.67945 1.67945 1.67945 1.67945 1.67945 1.67945 1.67945 1.67945 1.67945 1.67945 1.67945 1.67945 1.67945 1.67945 1.67945 1.67945 1.67945 1.67945 1.67945 1.67945 1.67945 1.67945 1.67945 1.67945 1.67945 1.67945 1.67945 
1.69406 1.69406 1.69406 1.69406 1.69406 1.69406 1.69406 1.69406 1.69406 1.69406 1.69406 1.69406 1.69406 1.69406 1.69406 1.69406 1.69406 1.69406 1.69406 1.69406 1.69406 1.69406 1.69406 1.69406 1.69406 1.69406 1.69406 1.69406 1.69406 1.69406 1.69406 1.69406 1.69406 1.69406 1.69406 1.69406 1.69406 1.69406 1.69406 1.69406 1.69406 1.69406 1.69406 1.69406 1.69406 1.69406 1.69406 1.69406 1.69406 1.69406 1.69406 1.69406 1.69406 1.69406 1.69406 1.69406 1.69406 1.69406 1.69406 1.69406 1.69406 1.69406 1.69406 1.69406 1.69406 1.69406 1.69406 1.69406 1.69406 1.69406 1.69406 1.69406 1.69406 1.69406 1.69406 1.69406 1.69406 1.69406 1.69406 1.69406 1.69406 1.69406 1.69406 1.69406 1.69406 1.69406 1.69406 1.69406 1.69406 1.69406 1.69406 1.69406 1.69406 1.69406 1.69406 1.69406 1.69406 1.69406 1.69406 1.69406 1.69406 
1.7086 1.7086 1.7086 1.7086 1.7086 1.7086 1.7086 1.7086 1.7086 1.7086 1.7086 1.7086 1.7086 1.7086 1.7086 1.7086 1.7086 1.7086 1.7086 1.7086 1.7086 1.7086 1.7086 1.7086 1.7086 1.7086 1.7086 1.7086 1.7086 1.7086 1.7086 1.7086 1.7086 1.7086 1.7086 1.7086 1.7086 1.7086 1.7086 1.7086 1.7086 1.7086 1.7086 1.7086 1.7086 1.7086 1.7086 1.7086 1.7086 1.7086 1.7086 1.7086 1.7086 1.7086 1.7086 1.7086 1.7086 1.7086 1.7086 1.7086 1.7086 1.7086 1.7086 1.7086 1.7086 1.7086 1.7086 1.7086 1.7086 1.7086 1.7086 1.7086 1.7086 1.7086 1.7086 1.7086 1.7086 1.7086 1.7086 1.7086 1.7086 1.7086 1.7086 1.7086 1.7086 1.7086 1.7086 1.7086 1.7086 1.7086 1.7086 1.7086 1.7086 1.7086 1.7086 1.7086 1.7086 1.7086 1.7086 1.7086 1.7086 
1.72308 1.72308 1.72308 1.72308 1.72308 1.72308 1.72308 1.72308 1.72308 1.72308 1.72308 1.72308 1.72308 1.72308 1.72308 1.72308 1.72308 1.72308 1.72308 1.72308 1.72308 1.72308 1.72308 1.72308 1.72308 1.72308 1.72308 1.72308 1.72308 1.72308 1.72308 1.72308 1.72308 1.72308 1.72308 1.72308 1.72308 1.72308 1.72308 1.72308 1.72308 1.72308 1.72308 1.72308 1.72308 1.72308 1.72308 1.72308 1.72308 1.72308 1.72308 1.72308 1.72308 1.72308 1.72308 1.72308 1.72308 1.72308 1.72308 1.72308 1.72308 1.72308 1.72308 1.72308 1.72308 1.72308 1.72308 1.72308 1.72308 1.72308 1.72308 1.72308 1.72308 1.72308 1.72308 1.72308 1.72308 1.72308 1.72308 1.72308 1.72308 1.72308 1.72308 1.72308 1.72308 1.72308 1.72308 1.72308 1.72308 1.72308 1.72308 1.72308 1.72308 1.72308 1.72308 1.72308 1.72308 1.72308 1.72308 1.72308 1.72308 
1.73748 1.73748 1.73748 1.73748 1.73748 1.73748 1.73748 1.73748 1.73748 1.73748 1.73748 1.73748 1.73748 1.73748 1.73748 1.73748 1.73748 1.73748 1.73748 1.73748 1.73748 1.73748 1.73748 1.73748 1.73748 1.73748 1.73748 1.73748 1.73748 1.73748 1.73748 1.73748 1.73748 1.73748 1.73748 1.73748 1.73748 1.73748 1.73748 1.73748 1.73748 1.73748 1.73748 1.73748 1.73748 1.73748 1.73748 1.73748 1.73748 1.73748 1.73748 1.73748 1.73748 1.73748 1.73748 1.73748 1.73748 1.73748 1.73748 1.73748 1.73748 1.73748 1.73748 1.73748 1.73748 1.73748 1.73748 1.73748 1.73748 1.73748 1.73748 1.73748 1.73748 1.73748 1.73748 1.73748 1.73748 1.73748 1.73748 1.73748 1.73748 1.73748 1.73748 1.73748 1.73748 1.73748 1.73748 1.73748 1.73748 1.73748 1.73748 1.73748 1.73748 1.73748 1.73748 1.73748 1.73748 1.73748 1.73748 1.73748 1.73748 
1.75182 1.75182 1.75182 1.75182 1.75182 1.75182 1.75182 1.75182 1.75182 1.75182 1.75182 1.75182 1.75182 1.75182 1.75182 1.75182 1.75182 1.75182 1.75182 1.75182 1.75182 1.75182 1.75182 1.75182 1.75182 1.75182 1.75182 1.75182 1.75182 1.75182 1.75182 1.75182 1.75182 1.75182 1.75182 1.75182 1.75182 1.75182 1.75182 1.75182 1.75182 1.75182 1.75182 1.75182 1.75182 1.75182 1.75182 1.75182 1.75182 1.75182 1.75182 1.75182 1.75182 1.75182 1.75182 1.75182 1.75182 1.75182 1.75182 1.75182 1.75182 1.75182 1.75182 1.75182 1.75182 1.75182 1.75182 1.75182 1.75182 1.75182 1.75182 1.75182 1.75182 1.75182 1.75182 1.75182 1.75182 1.75182 1.75182 1.75182 1.75182 1.75182 1.75182 1.75182 1.75182 1.75182 1.75182 1.75182 1.75182 1.75182 1.75182 1.75182 1.75182 1.75182 1.75182 1.75182 1.75182 1.75182 1.75182 1.75182 1.75182 
1.76609 1.76609 1.76609 1.76609 1.76609 1.76609 1.76609 1.76609 1.76609 1.76609 1.76609 1.76609 1.76609 1.76609 1.76609 1.76609 1.76609 1.76609 1.76609 1.76609 1.76609 1.76609 1.76609 1.76609 1.76609 1.76609 1.76609 1.76609 1.76609 1.76609 1.76609 1.76609 1.76609 1.76609 1.76609 1.76609 1.76609 1.76609 1.76609 1.76609 1.76609 1.76609 1.76609 1.76609 1.76609 1.76609 1.76609 1.76609 1.76609 1.76609 1.76609 1.76609 1.76609 1.76609 1.76609 1.76609 1.76609 1.76609 1.76609 1.76609 1.76609 1.76609 1.76609 1.76609 1.76609 1.76609 1.76609 1.76609 1.76609 1.76609 1.76609 1.76609 1.76609 1.76609 1.76609 1.76609 1.76609 1.76609 1.76609 1.76609 1.76609 1.76609 1.76609 1.76609 1.76609 1.76609 1.76609 1.76609 1.76609 1.76609 1.76609 1.76609 1.76609 1.76609 1.76609 1.76609 1.76609 1.76609 1.76609 1.76609 1.76609 
1.7803 1.7803 1.7803 1.7803 1.7803 1.7803 1.7803 1.7803 1.7803 1.7803 1.7803 1.7803 1.7803 1.7803 1.7803 1.7803 1.7803 1.7803 1.7803 1.7803 1.7803 1.7803 1.7803 1.7803 1.7803 1.7803 1.7803 1.7803 1.7803 1.7803 1.7803 1.7803 1.7803 1.7803 1.7803 1.7803 1.7803 1.7803 1.7803 1.7803 1.7803 1.7803 1.7803 1.7803 1.7803 1.7803 1.7803 1.7803 1.7803 1.7803 1.7803 1.7803 1.7803 1.7803 1.7803 1.7803 1.7803 1.7803 1.7803 1.7803 1.7803 1.7803 1.7803 1.7803 1.7803 1.7803 1.7803 1.7803 1.7803 1.7803 1.7803 1.7803 1.7803 1.7803 1.7803 1.7803 1.7803 1.7803 1.7803 1.7803 1.7803 1.7803 1.7803 1.7803 1.7803 1.7803 1.7803 1.7803 1.7803 1.7803 1.7803 1.7803 1.7803 1.7803 1.7803 1.7803 1.7803 1.7803 1.7803 1.7803 1.7803 
1.79444 1.79444 1.79444 1.79444 1.79444 1.79444 1.79444 1.79444 1.79444 1.79444 1.79444 1.79444 1.79444 1.79444 1.79444 1.79444 1.79444 1.79444 1.79444 1.79444 1.79444 1.79444 1.79444 1.79444 1.79444 1.79444 1.79444 1.79444 1.79444 1.79444 1.79444 1.79444 1.79444 1.79444 1.79444 1.79444 1.79444 1.79444 1.79444 1.79444 1.79444 1.79444 1.79444 1.79444 1.79444 1.79444 1.79444 1.79444 1.79444 1.79444 1.79444 1.79444 1.79444 1.79444 1.79444 1.79444 1.79444 1.79444 1.79444 1.79444 1.79444 1.79444 1.79444 1.79444 1.79444 1.79444 1.79444 1.79444 1.79444 1.79444 1.79444 1.79444 1.79444 1.79444 1.79444 1.79444 1.79444 1.79444 1.79444 1.79444 1.79444 1.79444 1.79444 1.79444 1.79444 1.79444 1.79444 1.79444 1.79444 1.79444 1.79444 1.79444 1.79444 1.79444 1.79444 1.79444 1.79444 1.79444 1.79444 1.79444 1.79444 
1.80853 1.80853 1.80853 1.80853 1.80853 1.80853 1.80853 1.80853 1.80853 1.80853 1.80853 1.80853 1.80853 1.80853 1.80853 1.80853 1.80853 1.80853 1.80853 1.80853 1.80853 1.80853 1.80853 1.80853 1.80853 1.80853 1.80853 1.80853 1.80853 1.80853 1.80853 1.80853 1.80853 1.80853 1.80853 1.80853 1.80853 1.80853 1.80853 1.80853 1.80853 1.80853 1.80853 1.80853 1.80853 1.80853 1.80853 1.80853 1.80853 1.80853 1.80853 1.80853 1.80853 1.80853 1.80853 1.80853 1.80853 1.80853 1.80853 1.80853 1.80853 1.80853 1.80853 1.80853 1.80853 1.80853 1.80853 1.80853 1.80853 1.80853 1.80853 1.80853 1.80853 1.80853 1.80853 1.80853 1.80853 1.80853 1.80853 1.80853 1.80853 1.80853 1.80853 1.80853 1.80853 1.80853 1.80853 1.80853 1.80853 1.80853 1.80853 1.80853 1.80853 1.80853 1.80853 1.80853 1.80853 1.80853 1.80853 1.80853 1.80853 
1.82255 1.82255 1.82255 1.82255 1.82255 1.82255 1.82255 1.82255 1.82255 1.82255 1.82255 1.82255 1.82255 1.82255 1.82255 1.82255 1.82255 1.82255 1.82255 1.82255 1.82255 1.82255 1.82255 1.82255 1.82255 1.82255 1.82255 1.82255 1.82255 1.82255 1.82255 1.82255 1.82255 1.82255 1.82255 1.82255 1.82255 1.82255 1.82255 1.82255 1.82255 1.82255 1.82255 1.82255 1.82255 1.82255 1.82255 1.82255 1.82255 1.82255 1.82255 1.82255 1.82255 1.82255 1.82255 1.82255 1.82255 1.82255 1.82255 1.82255 1.82255 1.82255 1.82255 1.82255 1.82255 1.82255 1.82255 1.82255 1.82255 1.82255 1.82255 1.82255 1.82255 1.82255 1.82255 1.82255 1.82255 1.82255 1.82255 1.82255 1.82255 1.82255 1.82255 1.82255 1.82255 1.82255 1.82255 1.82255 1.82255 1.82255 1.82255 1.82255 1.82255 1.82255 1.82255 1.82255 1.82255 1.82255 1.82255 1.82255 1.82255 
1.83652 1.83652 1.83652 1.83652 1.83652 1.83652 1.83652 1.83652 1.83652 1.83652 1.83652 1.83652 1.83652 1.83652 1.83652 1.83652 1.83652 1.83652 1.83652 1.83652 1.83652 1.83652 1.83652 1.83652 1.83652 1.83652 1.83652 1.83652 1.83652 1.83652 1.83652 1.83652 1.83652 1.83652 1.83652 1.83652 1.83652 1.83652 1.83652 1.83652 1.83652 1.83652 1.83652 1.83652 1.83652 1.83652 1.83652 1.83652 1.83652 1.83652 1.83652 1.83652 1.83652 1.83652 1.83652 1.83652 1.83652 1.83652 1.83652 1.83652 1.83652 1.83652 1.83652 1.83652 1.83652 1.83652 1.83652 1.83652 1.83652 1.83652 1.83652 1.83652 1.83652 1.83652 1.83652 1.83652 1.83652 1.83652 1.83652 1.83652 1.83652 1.83652 1.83652 1.83652 1.83652 1.83652 1.83652 1.83652 1.83652 1.83652 1.83652 1.83652 1.83652 1.83652 1.83652 1.83652 1.83652 1.83652 1.83652 1.83652 1.83652 
1.85043 1.85043 1.85043 1.85043 1.85043 1.85043 1.85043 1.85043 1.85043 1.85043 1.85043 1.85043 1.85043 1.85043 1.85043 1.85043 1.85043 1.85043 1.85043 1.85043 1.85043 1.85043 1.85043 1.85043 1.85043 1.85043 1.85043 1.85043 1.85043 1.85043 1.85043 1.85043 1.85043 1.85043 1.85043 1.85043 1.85043 1.85043 1.85043 1.85043 1.85043 1.85043 1.85043 1.85043 1.85043 1.85043 1.85043 1.85043 1.85043 1.85043 1.85043 1.85043 1.85043 1.85043 1.85043 1.85043 1.85043 1.85043 1.85043 1.85043 1.85043 1.85043 1.85043 1.85043 1.85043 1.85043 1.85043 1.85043 1.85043 1.85043 1.85043 1.85043 1.85043 1.85043 1.85043 1.85043 1.85043 1.85043 1.85043 1.85043 1.85043 1.85043 1.85043 1.85043 1.85043 1.85043 1.85043 1.85043 1.85043 1.85043 1.85043 1.85043 1.85043 1.85043 1.85043 1.85043 1.85043 1.85043 1.85043 1.85043 1.85043 
1.86429 1.86429 1.86429 1.86429 1.86429 1.86429 1.86429 1.86429 1.86429 1.86429 1.86429 1.86429 1.86429 1.86429 1.86429 1.86429 1.86429 1.86429 1.86429 1.86429 1.86429 1.86429 1.86429 1.86429 1.86429 1.86429 1.86429 1.86429 1.86429 1.86429 1.86429 1.86429 1.86429 1.86429 1.86429 1.86429 1.86429 1.86429 1.86429 1.86429 1.86429 1.86429 1.86429 1.86429 1.86429 1.86429 1.86429 1.86429 1.86429 1.86429 1.86429 1.86429 1.86429 1.86429 1.86429 1.86429 1.86429 1.86429 1.86429 1.86429 1.86429 1.86429 1.86429 1.86429 1.86429 1.86429 1.86429 1.86429 1.86429 1.86429 1.86429 1.86429 1.86429 1.86429 1.86429 1.86429 1.86429 1.86429 1.86429 1.86429 1.86429 1.86429 1.86429 1.86429 1.86429 1.86429 1.86429 1.86429 1.86429 1.86429 1.86429 1.86429 1.86429 1.86429 1.86429 1.86429 1.86429 1.86429 1.86429 1.86429 1.86429 
1.87809 1.87809 1.87809 1.87809 1.87809 1.87809 1.87809 1.87809 1.87809 1.87809 1.87809 1.87809 1.87809 1.87809 1.87809 1.87809 1.87809 1.87809 1.87809 1.87809 1.87809 1.87809 1.87809 1.87809 1.87809 1.87809 1.87809 1.87809 1.87809 1.87809 1.87809 1.87809 1.87809 1.87809 1.87809 1.87809 1.87809 1.87809 1.87809 1.87809 1.87809 1.87809 1.87809 1.87809 1.87809 1.87809 1.87809 1.87809 1.87809 1.87809 1.87809 1.87809 1.87809 1.87809 1.87809 1.87809 1.87809 1.87809 1.87809 1.87809 1.87809 1.87809 1.87809 1.87809 1.87809 1.87809 1.87809 1.87809 1.87809 1.87809 1.87809 1.87809 1.87809 1.87809 1.87809 1.87809 1.87809 1.87809 1.87809 1.87809 1.87809 1.87809 1.87809 1.87809 1.87809 1.87809 1.87809 1.87809 1.87809 1.87809 1.87809 1.87809 1.87809 1.87809 1.87809 1.87809 1.87809 1.87809 1.87809 1.87809 1.87809 
1.89183 1.89183 1.89183 1.89183 1.89183 1.89183 1.89183 1.89183 1.89183 1.89183 1.89183 1.89183 1.89183 1.89183 1.89183 1.89183 1.89183 1.89183 1.89183 1.89183 1.89183 1.89183 1.89183 1.89183 1.89183 1.89183 1.89183 1.89183 1.89183 1.89183 1.89183 1.89183 1.89183 1.89183 1.89183 1.89183 1.89183 1.89183 1.89183 1.89183 1.89183 1.89183 1.89183 1.89183 1.89183 1.89183 1.89183 1.89183 1.89183 1.89183 1.89183 1.89183 1.89183 1.89183 1.89183 1.89183 1.89183 1.89183 1.89183 1.89183 1.89183 1.89183 1.89183 1.89183 1.89183 1.89183 1.89183 1.89183 1.89183 1.89183 1.89183 1.89183 1.89183 1.89183 1.89183 1.89183 1.89183 1.89183 1.89183 1.89183 1.89183 1.89183 1.89183 1.89183 1.89183 1.89183 1.89183 1.89183 1.89183 1.89183 1.89183 1.89183 1.89183 1.89183 1.89183 1.89183 1.89183 1.89183 1.89183 1.89183 1.89183 
1.90552 1.90552 1.90552 1.90552 1.90552 1.90552 1.90552 1.90552 1.90552 1.90552 1.90552 1.90552 1.90552 1.90552 1.90552 1.90552 1.90552 1.90552 1.90552 1.90552 1.90552 1.90552 1.90552 1.90552 1.90552 1.90552 1.90552 1.90552 1.90552 1.90552 1.90552 1.90552 1.90552 1.90552 1.90552 1.90552 1.90552 1.90552 1.90552 1.90552 1.90552 1.90552 1.90552 1.90552 1.90552 1.90552 1.90552 1.90552 1.90552 1.90552 1.90552 1.90552 1.90552 1.90552 1.90552 1.90552 1.90552 1.90552 1.90552 1.90552 1.90552 1.90552 1.90552 1.90552 1.90552 1.90552 1.90552 1.90552 1.90552 1.90552 1.90552 1.90552 1.90552 1.90552 1.90552 1.90552 1.90552 1.90552 1.90552 1.90552 1.90552 1.90552 1.90552 1.90552 1.90552 1.90552 1.90552 1.90552 1.90552 1.90552 1.90552 1.90552 1.90552 1.90552 1.90552 1.90552 1.90552 1.90552 1.90552 1.90552 1.90552 
1.91917 1.91917 1.91917 1.91917 1.91917 1.91917 1.91917 1.91917 1.91917 1.91917 1.91917 1.91917 1.91917 1.91917 1.91917 1.91917 1.91917 1.91917 1.91917 1.91917 1.91917 1.91917 1.91917 1.91917 1.91917 1.91917 1.91917 1.91917 1.91917 1.91917 1.91917 1.91917 1.91917 1.91917 1.91917 1.91917 1.91917 1.91917 1.91917 1.91917 1.91917 1.91917 1.91917 1.91917 1.91917 1.91917 1.91917 1.91917 1.91917 1.91917 1.91917 1.91917 1.91917 1.91917 1.91917 1.91917 1.91917 1.91917 1.91917 1.91917 1.91917 1.91917 1.91917 1.91917 1.91917 1.91917 1.91917 1.91917 1.91917 1.91917 1.91917 1.91917 1.91917 1.91917 1.91917 1.91917 1.91917 1.91917 1.91917 1.91917 1.91917 1.91917 1.91917 1.91917 1.91917 1.91917 1.91917 1.91917 1.91917 1.91917 1.91917 1.91917 1.91917 1.91917 1.91917 1.91917 1.91917 1.91917 1.91917 1.91917 1.91917 
1.93276 1.93276 1.93276 1.93276 1.93276 1.93276 1.93276 1.93276 1.93276 1.93276 1.93276 1.93276 1.93276 1.93276 1.93276 1.93276 1.93276 1.93276 1.93276 1.93276 1.93276 1.93276 1.93276 1.93276 1.93276 1.93276 1.93276 1.93276 1.93276 1.93276 1.93276 1.93276 1.93276 1.93276 1.93276 1.93276 1.93276 1.93276 1.93276 1.93276 1.93276 1.93276 1.93276 1.93276 1.93276 1.93276 1.93276 1.93276 1.93276 1.93276 1.93276 1.93276 1.93276 1.93276 1.93276 1.93276 1.93276 1.93276 1.93276 1.93276 1.93276 1.93276 1.93276 1.93276 1.93276 1.93276 1.93276 1.93276 1.93276 1.93276 1.93276 1.93276 1.93276 1.93276 1.93276 1.93276 1.93276 1.93276 1.93276 1.93276 1.93276 1.93276 1.93276 1.93276 1.93276 1.93276 1.93276 1.93276 1.93276 1.93276 1.93276 1.93276 1.93276 1.93276 1.93276 1.93276 1.93276 1.93276 1.93276 1.93276 1.93276 
1.9463 1.9463 1.9463 1.9463 1.9463 1.9463 1.9463 1.9463 1.9463 1.9463 1.9463 1.9463 1.9463 1.9463 1.9463 1.9463 1.9463 1.9463 1.9463 1.9463 1.9463 1.9463 1.9463 1.9463 1.9463 1.9463 1.9463 1.9463 1.9463 1.9463 1.9463 1.9463 1.9463 1.9463 1.9463 1.9463 1.9463 1.9463 1.9463 1.9463 1.9463 1.9463 1.9463 1.9463 1.9463 1.9463 1.9463 1.9463 1.9463 1.9463 1.9463 1.9463 1.9463 1.9463 1.9463 1.9463 1.9463 1.9463 1.9463 1.9463 1.9463 1.9463 1.9463 1.9463 1.9463 1.9463 1.9463 1.9463 1.9463 1.9463 1.9463 1.9463 1.9463 1.9463 1.9463 1.9463 1.9463 1.9463 1.9463 1.9463 1.9463 1.9463 1.9463 1.9463 1.9463 1.9463 1.9463 1.9463 1.9463 1.9463 1.9463 1.9463 1.9463 1.9463 1.9463 1.9463 1.9463 1.9463 1.9463 1.9463 1.9463 
1.9598 1.9598 1.9598 1.9598 1.9598 1.9598 1.9598 1.9598 1.9598 1.9598 1.9598 1.9598 1.9598 1.9598 1.9598 1.9598 1.9598 1.9598 1.9598 1.9598 1.9598 1.9598 1.9598 1.9598 1.9598 1.9598 1.9598 1.9598 1.9598 1.9598 1.9598 1.9598 1.9598 1.9598 1.9598 1.9598 1.9598 1.9598 1.9598 1.9598 1.9598 1.9598 1.9598 1.9598 1.9598 1.9598 1.9598 1.9598 1.9598 1.9598 1.9598 1.9598 1.9598 1.9598 1.9598 1.9598 1.9598 1.9598 1.9598 1.9598 1.9598 1.9598 1.9598 1.9598 1.9598 1.9598 1.9598 1.9598 1.9598 1.9598 1.9598 1.9598 1.9598 1.9598 1.9598 1.9598 1.9598 1.9598 1.9598 1.9598 1.9598 1.9598 1.9598 1.9598 1.9598 1.9598 1.9598 1.9598 1.9598 1.9598 1.9598 1.9598 1.9598 1.9598 1.9598 1.9598 1.9598 1.9598 1.9598 1.9598 1.9598 
1.97324 1.97324 1.97324 1.97324 1.97324 1.97324 1.97324 1.97324 1.97324 1.97324 1.97324 1.97324 1.97324 1.97324 1.97324 1.97324 1.97324 1.97324 1.97324 1.97324 1.97324 1.97324 1.97324 1.97324 1.97324 1.97324 1.97324 1.97324 1.97324 1.97324 1.97324 1.97324 1.97324 1.97324 1.97324 1.97324 1.97324 1.97324 1.97324 1.97324 1.97324 1.97324 1.97324 1.97324 1.97324 1.97324 1.97324 1.97324 1.97324 1.97324 1.97324 1.97324 1.97324 1.97324 1.97324 1.97324 1.97324 1.97324 1.97324 1.97324 1.97324 1.97324 1.97324 1.97324 1.97324 1.97324 1.97324 1.97324 1.97324 1.97324 1.97324 1.97324 1.97324 1.97324 1.97324 1.97324 1.97324 1.97324 1.97324 1.97324 1.97324 1.97324 1.97324 1.97324 1.97324 1.97324 1.97324 1.97324 1.97324 1.97324 1.97324 1.97324 1.97324 1.97324 1.97324 1.97324 1.97324 1.97324 1.97324 1.97324 1.97324 
1.98664 1.98664 1.98664 1.98664 1.98664 1.98664 1.98664 1.98664 1.98664 1.98664 1.98664 1.98664 1.98664 1.98664 1.98664 1.98664 1.98664 1.98664 1.98664 1.98664 1.98664 1.98664 1.98664 1.98664 1.98664 1.98664 1.98664 1.98664 1.98664 1.98664 1.98664 1.98664 1.98664 1.98664 1.98664 1.98664 1.98664 1.98664 1.98664 1.98664 1.98664 1.98664 1.98664 1.98664 1.98664 1.98664 1.98664 1.98664 1.98664 1.98664 1.98664 1.98664 1.98664 1.98664 1.98664 1.98664 1.98664 1.98664 1.98664 1.98664 1.98664 1.98664 1.98664 1.98664 1.98664 1.98664 1.98664 1.98664 1.98664 1.98664 1.98664 1.98664 1.98664 1.98664 1.98664 1.98664 1.98664 1.98664 1.98664 1.98664 1.98664 1.98664 1.98664 1.98664 1.98664 1.98664 1.98664 1.98664 1.98664 1.98664 1.98664 1.98664 1.98664 1.98664 1.98664 1.98664 1.98664 1.98664 1.98664 1.98664 1.98664 
2 2 2 2 2 2 2 2 2 2 2 2 2 2 2 2 2 2 2 2 2 2 2 2 2 2 2 2 2 2 2 2 2 2 2 2 2 2 2 2 2 2 2 2 2 2 2 2 2 2 2 2 2 2 2 2 2 2 2 2 2 2 2 2 2 2 2 2 2 2 2 2 2 2 2 2 2 2 2 2 2 2 2 2 2 2 2 2 2 2 2 2 2 2 2 2 2 2 2 2 2 
