0 0 0 0 0 0 0 0 0 
0.142857 0.142857 0.142857 0.142857 0.142857 0.142857 0.142857 0.142857 0.142857 
0.387755 0.387755 0.387755 0.387755 0.387755 0.387755 0.387755 0.387755 0.387755 
0.667638 0.667638 0.667638 0.667638 0.667638 0.667638 0.667638 0.667638 0.667638 
0.928571 0.928571 0.928571 0.928571 0.928571 0.928571 0.928571 0.928571 0.928571 
1.14286 1.14286 1.14286 1.14286 1.14286 1.14286 1.14286 1.14286 1.14286 
1.35714 1.35714 1.35714 1.35714 1.35714 1.35714 1.35714 1.35714 1.35714 
1.57143 1.57143 1.57143 1.57143 1.57143 1.57143 1.57143 1.57143 1.57143 
1.83236 1.83236 1.83236 1.83236 1.83236 1.83236 1.83236 1.83236 1.83236 
2.11224 2.11224 2.11224 2.11224 2.11224 2.11224 2.11224 2.11224 2.11224 
2.35714 2.35714 2.35714 2.35714 2.35714 2.35714 2.35714 2.35714 2.35714 
2.5 2.5 2.5 2.5 2.5 2.5 2.5 2.5 2.5 
