0.00704385 0.00704385 0 0.00596424
0.03125 0.00704385 0 0.0223142
0.0554561 0.00704385 0 0.0322409
0.0695439 0.00704385 0 0.0860518
0.09375 0.00704385 0 0.130729
0.117956 0.00704385 0 0.162692
0.132044 0.00704385 0 0.122865
0.15625 0.00704385 0 0.183049
0.180456 0.00704385 0 0.220361
0.194544 0.00704385 0 0.162092
0.21875 0.00704385 0 0.241341
0.242956 0.00704385 0 0.290219
0.257044 0.00704385 0 0.195017
0.28125 0.00704385 0 0.290159
0.305456 0.00704385 0 0.348491
0.319544 0.00704385 0 0.222819
0.34375 0.00704385 0 0.331578
0.367956 0.00704385 0 0.398348
0.382044 0.00704385 0 0.244368
0.40625 0.00704385 0 0.363661
0.430456 0.00704385 0 0.436927
0.444544 0.00704385 0 0.258994
0.46875 0.00704385 0 0.385435
0.492956 0.00704385 0 0.463104
0.507044 0.00704385 0 0.266229
0.53125 0.00704385 0 0.396169
0.555456 0.00704385 0 0.475933
0.569544 0.00704385 0 0.265939
0.59375 0.00704385 0 0.395654
0.617956 0.00704385 0 0.475137
0.632044 0.00704385 0 0.258365
0.65625 0.00704385 0 0.384231
0.680456 0.00704385 0 0.461093
0.694544 0.00704385 0 0.244186
0.71875 0.00704385 0 0.362875
0.742956 0.00704385 0 0.434897
0.757044 0.00704385 0 0.224542
0.78125 0.00704385 0 0.333253
0.805456 0.00704385 0 0.398487
0.819544 0.00704385 0 0.201427
0.84375 0.00704385 0 0.29808
0.867956 0.00704385 0 0.354597
0.882044 0.00704385 0 0.177581
0.90625 0.00704385 0 0.261285
0.930456 0.00704385 0 0.307635
0.944544 0.00704385 0 0.16068
0.96875 0.00704385 0 0.230769
0.992956 0.00704385 0 0.259665
0.00704385 0.03125 0 0.0223142
0.03125 0.03125 0 0.0830719
0.0554561 0.03125 0 0.119159
0.0695439 0.03125 0 0.110125
0.09375 0.03125 0 0.164876
0.117956 0.03125 0 0.200179
0.132044 0.03125 0 0.148755
0.15625 0.03125 0 0.221526
0.180456 0.03125 0 0.266479
0.194544 0.03125 0 0.183816
0.21875 0.03125 0 0.273546
0.242956 0.03125 0 0.328649
0.257044 0.03125 0 0.213409
0.28125 0.03125 0 0.31756
0.305456 0.03125 0 0.381476
0.319544 0.03125 0 0.237127
0.34375 0.03125 0 0.35288
0.367956 0.03125 0 0.423963
0.382044 0.03125 0 0.254146
0.40625 0.03125 0 0.378219
0.430456 0.03125 0 0.454431
0.444544 0.03125 0 0.263928
0.46875 0.03125 0 0.392758
0.492956 0.03125 0 0.471861
0.507044 0.03125 0 0.266222
0.53125 0.03125 0 0.396106
0.555456 0.03125 0 0.475744
0.569544 0.03125 0 0.261137
0.59375 0.03125 0 0.388412
0.617956 0.03125 0 0.466232
0.632044 0.03125 0 0.249204
0.65625 0.03125 0 0.370433
0.680456 0.03125 0 0.444168
0.694544 0.03125 0 0.231391
0.71875 0.03125 0 0.343589
0.742956 0.03125 0 0.411209
0.757044 0.03125 0 0.209408
0.78125 0.03125 0 0.31023
0.805456 0.03125 0 0.369772
0.819544 0.03125 0 0.185605
0.84375 0.03125 0 0.273778
0.867956 0.03125 0 0.323806
0.882044 0.03125 0 0.166688
0.90625 0.03125 0 0.241764
0.930456 0.03125 0 0.277206
0.944544 0.03125 0 0.143389
0.96875 0.03125 0 0.205647
0.992956 0.03125 0 0.230769
0.00704385 0.0554561 0 0.0322409
0.03125 0.0554561 0 0.119159
0.0554561 0.0554561 0 0.169087
0.0695439 0.0554561 0 0.129555
0.09375 0.0554561 0 0.193038
0.117956 0.0554561 0 0.232432
0.132044 0.0554561 0 0.167542
0.15625 0.0554561 0 0.249408
0.180456 0.0554561 0 0.299818
0.194544 0.0554561 0 0.199712
0.21875 0.0554561 0 0.297158
0.242956 0.0554561 0 0.356927
0.257044 0.0554561 0 0.226516
0.28125 0.0554561 0 0.337081
0.305456 0.0554561 0 0.404964
0.319544 0.0554561 0 0.246957
0.34375 0.0554561 0 0.367517
0.367956 0.0554561 0 0.441565
0.382044 0.0554561 0 0.260387
0.40625 0.0554561 0 0.387505
0.430456 0.0554561 0 0.465584
0.444544 0.0554561 0 0.266395
0.46875 0.0554561 0 0.396405
0.492956 0.0554561 0 0.476191
0.507044 0.0554561 0 0.264902
0.53125 0.0554561 0 0.394091
0.555456 0.0554561 0 0.473217
0.569544 0.0554561 0 0.256228
0.59375 0.0554561 0 0.381008
0.617956 0.0554561 0 0.457132
0.632044 0.0554561 0 0.241092
0.65625 0.0554561 0 0.358234
0.680456 0.0554561 0 0.429242
0.694544 0.0554561 0 0.220831
0.71875 0.0554561 0 0.327568
0.742956 0.0554561 0 0.391316
0.757044 0.0554561 0 0.19737
0.78125 0.0554561 0 0.292079
0.805456 0.0554561 0 0.347465
0.819544 0.0554561 0 0.174028
0.84375 0.0554561 0 0.254909
0.867956 0.0554561 0 0.297679
0.882044 0.0554561 0 0.162806
0.90625 0.0554561 0 0.234409
0.930456 0.0554561 0 0.265045
0.944544 0.0554561 0 0.100051
0.96875 0.0554561 0 0.143389
0.992956 0.0554561 0 0.16068
0.00704385 0.0695439 0 0.0860518
0.03125 0.0695439 0 0.110125
0.0554561 0.0695439 0 0.129555
0.0695439 0.0695439 0 0.196324
0.09375 0.0695439 0 0.219226
0.117956 0.0695439 0 0.245884
0.132044 0.0695439 0 0.262881
0.15625 0.0695439 0 0.289899
0.180456 0.0695439 0 0.323796
0.194544 0.0695439 0 0.331056
0.21875 0.0695439 0 0.364621
0.242956 0.0695439 0 0.407053
0.257044 0.0695439 0 0.389212
0.28125 0.0695439 0 0.428478
0.305456 0.0695439 0 0.478173
0.319544 0.0695439 0 0.437269
0.34375 0.0695439 0 0.481467
0.367956 0.0695439 0 0.537361
0.382044 0.0695439 0 0.472934
0.40625 0.0695439 0 0.520769
0.430456 0.0695439 0 0.581234
0.444544 0.0695439 0 0.495027
0.46875 0.0695439 0 0.545057
0.492956 0.0695439 0 0.608285
0.507044 0.0695439 0 0.502786
0.53125 0.0695439 0 0.553428
0.555456 0.0695439 0 0.617451
0.569544 0.0695439 0 0.496185
0.59375 0.0695439 0 0.545817
0.617956 0.0695439 0 0.608609
0.632044 0.0695439 0 0.475798
0.65625 0.0695439 0 0.522772
0.680456 0.0695439 0 0.582349
0.694544 0.0695439 0 0.443334
0.71875 0.0695439 0 0.486147
0.742956 0.0695439 0 0.540535
0.757044 0.0695439 0 0.400028
0.78125 0.0695439 0 0.436807
0.805456 0.0695439 0 0.484315
0.819544 0.0695439 0 0.352561
0.84375 0.0695439 0 0.382448
0.867956 0.0695439 0 0.420783
0.882044 0.0695439 0 0.291386
0.90625 0.0695439 0 0.308233
0.930456 0.0695439 0 0.336787
0.944544 0.0695439 0 0.265045
0.96875 0.0695439 0 0.277206
0.992956 0.0695439 0 0.307635
0.00704385 0.09375 0 0.130729
0.03125 0.09375 0 0.164876
0.0554561 0.09375 0 0.193038
0.0695439 0.09375 0 0.219226
0.09375 0.09375 0 0.242621
0.117956 0.09375 0 0.2712
0.132044 0.09375 0 0.29089
0.15625 0.09375 0 0.320699
0.180456 0.09375 0 0.358234
0.194544 0.09375 0 0.354493
0.21875 0.09375 0 0.390264
0.242956 0.09375 0 0.43554
0.257044 0.09375 0 0.409216
0.28125 0.09375 0 0.450545
0.305456 0.09375 0 0.502832
0.319544 0.09375 0 0.452607
0.34375 0.09375 0 0.498367
0.367956 0.09375 0 0.556226
0.382044 0.09375 0 0.483159
0.40625 0.09375 0 0.532027
0.430456 0.09375 0 0.59379
0.444544 0.09375 0 0.499754
0.46875 0.09375 0 0.550213
0.492956 0.09375 0 0.613986
0.507044 0.09375 0 0.50192
0.53125 0.09375 0 0.552365
0.555456 0.09375 0 0.616153
0.569544 0.09375 0 0.489885
0.59375 0.09375 0 0.538685
0.617956 0.09375 0 0.600462
0.632044 0.09375 0 0.464548
0.65625 0.09375 0 0.510077
0.680456 0.09375 0 0.567881
0.694544 0.09375 0 0.42781
0.71875 0.09375 0 0.468543
0.742956 0.09375 0 0.520444
0.757044 0.09375 0 0.38166
0.78125 0.09375 0 0.415779
0.805456 0.09375 0 0.460066
0.819544 0.09375 0 0.331457
0.84375 0.09375 0 0.357483
0.867956 0.09375 0 0.391938
0.882044 0.09375 0 0.272882
0.90625 0.09375 0 0.284163
0.930456 0.09375 0 0.308233
0.944544 0.09375 0 0.234409
0.96875 0.09375 0 0.241764
0.992956 0.09375 0 0.261285
0.00704385 0.117956 0 0.162692
0.03125 0.117956 0 0.200179
0.0554561 0.117956 0 0.232432
0.0695439 0.117956 0 0.245884
0.09375 0.117956 0 0.2712
0.117956 0.117956 0 0.302849
0.132044 0.117956 0 0.316851
0.15625 0.117956 0 0.349121
0.180456 0.117956 0 0.389866
0.194544 0.117956 0 0.376788
0.21875 0.117956 0 0.414772
0.242956 0.117956 0 0.462857
0.257044 0.117956 0 0.427464
0.28125 0.117956 0 0.470663
0.305456 0.117956 0 0.5253
0.319544 0.117956 0 0.466021
0.34375 0.117956 0 0.51315
0.367956 0.117956 0 0.572729
0.382044 0.117956 0 0.491276
0.40625 0.117956 0 0.540946
0.430456 0.117956 0 0.603719
0.444544 0.117956 0 0.502303
0.46875 0.117956 0 0.552949
0.492956 0.117956 0 0.616967
0.507044 0.117956 0 0.498914
0.53125 0.117956 0 0.548917
0.555456 0.117956 0 0.612164
0.569544 0.117956 0 0.48156
0.59375 0.117956 0 0.529277
0.617956 0.117956 0 0.589749
0.632044 0.117956 0 0.451624
0.65625 0.117956 0 0.4955
0.680456 0.117956 0 0.551229
0.694544 0.117956 0 0.410673
0.71875 0.117956 0 0.448994
0.742956 0.117956 0 0.498188
0.757044 0.117956 0 0.363347
0.78125 0.117956 0 0.394828
0.805456 0.117956 0 0.435462
0.819544 0.117956 0 0.306769
0.84375 0.117956 0 0.32737
0.867956 0.117956 0 0.358086
0.882044 0.117956 0 0.26578
0.90625 0.117956 0 0.272882
0.930456 0.117956 0 0.291386
0.944544 0.117956 0 0.162806
0.96875 0.117956 0 0.166688
0.992956 0.117956 0 0.177581
0.00704385 0.132044 0 0.122865
0.03125 0.132044 0 0.148755
0.0554561 0.132044 0 0.167542
0.0695439 0.132044 0 0.262881
0.09375 0.132044 0 0.29089
0.117956 0.132044 0 0.316851
0.132044 0.132044 0 0.346268
0.15625 0.132044 0 0.38316
0.180456 0.132044 0 0.416959
0.194544 0.132044 0 0.435287
0.21875 0.132044 0 0.481608
0.242956 0.132044 0 0.52398
0.257044 0.132044 0 0.511261
0.28125 0.132044 0 0.56557
0.305456 0.132044 0 0.615282
0.319544 0.132044 0 0.57456
0.34375 0.132044 0 0.635605
0.367956 0.132044 0 0.691466
0.382044 0.132044 0 0.621466
0.40625 0.132044 0 0.687477
0.430456 0.132044 0 0.747869
0.444544 0.132044 0 0.65035
0.46875 0.132044 0 0.719349
0.492956 0.132044 0 0.782447
0.507044 0.132044 0 0.660051
0.53125 0.132044 0 0.729897
0.555456 0.132044 0 0.793725
0.569544 0.132044 0 0.650401
0.59375 0.132044 0 0.718889
0.617956 0.132044 0 0.781417
0.632044 0.132044 0 0.622047
0.65625 0.132044 0 0.687032
0.680456 0.132044 0 0.746247
0.694544 0.132044 0 0.5768
0.71875 0.132044 0 0.636129
0.742956 0.132044 0 0.690128
0.757044 0.132044 0 0.516236
0.78125 0.132044 0 0.568251
0.805456 0.132044 0 0.615236
0.819544 0.132044 0 0.446471
0.84375 0.132044 0 0.488604
0.867956 0.132044 0 0.52709
0.882044 0.132044 0 0.358086
0.90625 0.132044 0 0.391938
0.930456 0.132044 0 0.420783
0.944544 0.132044 0 0.297679
0.96875 0.132044 0 0.323806
0.992956 0.132044 0 0.354597
0.00704385 0.15625 0 0.183049
0.03125 0.15625 0 0.221526
0.0554561 0.15625 0 0.249408
0.0695439 0.15625 0 0.289899
0.09375 0.15625 0 0.320699
0.117956 0.15625 0 0.349121
0.132044 0.15625 0 0.38316
0.15625 0.15625 0 0.424029
0.180456 0.15625 0 0.461388
0.194544 0.15625 0 0.465685
0.21875 0.15625 0 0.515169
0.242956 0.15625 0 0.560469
0.257044 0.15625 0 0.537638
0.28125 0.15625 0 0.594759
0.305456 0.15625 0 0.647031
0.319544 0.15625 0 0.59473
0.34375 0.15625 0 0.657914
0.367956 0.15625 0 0.715731
0.382044 0.15625 0 0.634883
0.40625 0.15625 0 0.702299
0.430456 0.15625 0 0.763966
0.444544 0.15625 0 0.656414
0.46875 0.15625 0 0.726
0.492956 0.15625 0 0.78962
0.507044 0.15625 0 0.658601
0.53125 0.15625 0 0.728185
0.555456 0.15625 0 0.791751
0.569544 0.15625 0 0.641591
0.59375 0.15625 0 0.708969
0.617956 0.15625 0 0.770452
0.632044 0.15625 0 0.606414
0.65625 0.15625 0 0.669467
0.680456 0.15625 0 0.726881
0.694544 0.15625 0 0.5551
0.71875 0.15625 0 0.611753
0.742956 0.15625 0 0.663246
0.757044 0.15625 0 0.489889
0.78125 0.15625 0 0.538471
0.805456 0.15625 0 0.582318
0.819544 0.15625 0 0.415366
0.84375 0.15625 0 0.453729
0.867956 0.15625 0 0.488604
0.882044 0.15625 0 0.32737
0.90625 0.15625 0 0.357483
0.930456 0.15625 0 0.382448
0.944544 0.15625 0 0.254909
0.96875 0.15625 0 0.273778
0.992956 0.15625 0 0.29808
0.00704385 0.180456 0 0.220361
0.03125 0.180456 0 0.266479
0.0554561 0.180456 0 0.299818
0.0695439 0.180456 0 0.323796
0.09375 0.180456 0 0.358234
0.117956 0.180456 0 0.389866
0.132044 0.180456 0 0.416959
0.15625 0.180456 0 0.461388
0.180456 0.180456 0 0.502
0.194544 0.180456 0 0.494877
0.21875 0.180456 0 0.547439
0.242956 0.180456 0 0.595562
0.257044 0.180456 0 0.561666
0.28125 0.180456 0 0.621342
0.305456 0.180456 0 0.675949
0.319544 0.180456 0 0.612373
0.34375 0.180456 0 0.677425
0.367956 0.180456 0 0.736943
0.382044 0.180456 0 0.645482
0.40625 0.180456 0 0.713991
0.430456 0.180456 0 0.776646
0.444544 0.180456 0 0.659561
0.46875 0.180456 0 0.729407
0.492956 0.180456 0 0.793246
0.507044 0.180456 0 0.654256
0.53125 0.180456 0 0.723244
0.555456 0.180456 0 0.786242
0.569544 0.180456 0 0.630028
0.59375 0.180456 0 0.695985
0.617956 0.180456 0 0.756121
0.632044 0.180456 0 0.588388
0.65625 0.180456 0 0.649179
0.680456 0.180456 0 0.704514
0.694544 0.180456 0 0.531149
0.71875 0.180456 0 0.584935
0.742956 0.180456 0 0.633654
0.757044 0.180456 0 0.462763
0.78125 0.180456 0 0.507387
0.805456 0.180456 0 0.547901
0.819544 0.180456 0 0.380011
0.84375 0.180456 0 0.415366
0.867956 0.180456 0 0.446471
0.882044 0.180456 0 0.306769
0.90625 0.180456 0 0.331457
0.930456 0.180456 0 0.352561
0.944544 0.180456 0 0.174028
0.96875 0.180456 0 0.185605
0.992956 0.180456 0 0.201427
0.00704385 0.194544 0 0.162092
0.03125 0.194544 0 0.183816
0.0554561 0.194544 0 0.199712
0.0695439 0.194544 0 0.331056
0.09375 0.194544 0 0.354493
0.117956 0.194544 0 0.376788
0.132044 0.194544 0 0.435287
0.15625 0.194544 0 0.465685
0.180456 0.194544 0 0.494877
0.194544 0.194544 0 0.546927
0.21875 0.194544 0 0.585017
0.242956 0.194544 0 0.621641
0.257044 0.194544 0 0.642219
0.28125 0.194544 0 0.686929
0.305456 0.194544 0 0.729914
0.319544 0.194544 0 0.721727
0.34375 0.194544 0 0.77195
0.367956 0.194544 0 0.820231
0.382044 0.194544 0 0.780578
0.40625 0.194544 0 0.834851
0.430456 0.194544 0 0.887008
0.444544 0.194544 0 0.816609
0.46875 0.194544 0 0.873277
0.492956 0.194544 0 0.927719
0.507044 0.194544 0 0.82826
0.53125 0.194544 0 0.885532
0.555456 0.194544 0 0.940536
0.569544 0.194544 0 0.815222
0.59375 0.194544 0 0.871262
0.617956 0.194544 0 0.925058
0.632044 0.194544 0 0.778208
0.65625 0.194544 0 0.831177
0.680456 0.194544 0 0.882017
0.694544 0.194544 0 0.719244
0.71875 0.194544 0 0.767465
0.742956 0.194544 0 0.813709
0.757044 0.194544 0 0.64041
0.78125 0.194544 0 0.682142
0.805456 0.194544 0 0.722262
0.819544 0.194544 0 0.547901
0.84375 0.194544 0 0.582318
0.867956 0.194544 0 0.615236
0.882044 0.194544 0 0.435462
0.90625 0.194544 0 0.460066
0.930456 0.194544 0 0.484315
0.944544 0.194544 0 0.347465
0.96875 0.194544 0 0.369772
0.992956 0.194544 0 0.398487
0.00704385 0.21875 0 0.241341
0.03125 0.21875 0 0.273546
0.0554561 0.21875 0 0.297158
0.0695439 0.21875 0 0.364621
0.09375 0.21875 0 0.390264
0.117956 0.21875 0 0.414772
0.132044 0.21875 0 0.481608
0.15625 0.21875 0 0.515169
0.180456 0.21875 0 0.547439
0.194544 0.21875 0 0.585017
0.21875 0.21875 0 0.62576
0.242956 0.21875 0 0.664927
0.257044 0.21875 0 0.67535
0.28125 0.21875 0 0.722356
0.305456 0.21875 0 0.76755
0.319544 0.21875 0 0.74705
0.34375 0.21875 0 0.799024
0.367956 0.21875 0 0.848981
0.382044 0.21875 0 0.79736
0.40625 0.21875 0 0.852767
0.430456 0.21875 0 0.906007
0.444544 0.21875 0 0.824057
0.46875 0.21875 0 0.881177
0.492956 0.21875 0 0.936045
0.507044 0.21875 0 0.826134
0.53125 0.21875 0 0.883147
0.555456 0.21875 0 0.937894
0.569544 0.21875 0 0.803675
0.59375 0.21875 0 0.858744
0.617956 0.21875 0 0.9116
0.632044 0.21875 0 0.75785
0.65625 0.21875 0 0.809167
0.680456 0.21875 0 0.858414
0.694544 0.21875 0 0.690977
0.71875 0.21875 0 0.736903
0.742956 0.21875 0 0.780951
0.757044 0.21875 0 0.605793
0.78125 0.21875 0 0.644714
0.805456 0.21875 0 0.682142
0.819544 0.21875 0 0.507387
0.84375 0.21875 0 0.538471
0.867956 0.21875 0 0.568251
0.882044 0.21875 0 0.394828
0.90625 0.21875 0 0.415779
0.930456 0.21875 0 0.436807
0.944544 0.21875 0 0.292079
0.96875 0.21875 0 0.31023
0.992956 0.21875 0 0.333253
0.00704385 0.242956 0 0.290219
0.03125 0.242956 0 0.328649
0.0554561 0.242956 0 0.356927
0.0695439 0.242956 0 0.407053
0.09375 0.242956 0 0.43554
0.117956 0.242956 0 0.462857
0.132044 0.242956 0 0.52398
0.15625 0.242956 0 0.560469
0.180456 0.242956 0 0.595562
0.194544 0.242956 0 0.621641
0.21875 0.242956 0 0.664927
0.242956 0.242956 0 0.706538
0.257044 0.242956 0 0.705531
0.28125 0.242956 0 0.75463
0.305456 0.242956 0 0.801833
0.319544 0.242956 0 0.769182
0.34375 0.242956 0 0.822677
0.367956 0.242956 0 0.87409
0.382044 0.242956 0 0.810571
0.40625 0.242956 0 0.866851
0.430456 0.242956 0 0.920924
0.444544 0.242956 0 0.827793
0.46875 0.242956 0 0.88509
0.492956 0.242956 0 0.94012
0.507044 0.242956 0 0.820308
0.53125 0.242956 0 0.876787
0.555456 0.242956 0 0.93101
0.569544 0.242956 0 0.788595
0.59375 0.242956 0 0.842415
0.617956 0.242956 0 0.894072
0.632044 0.242956 0 0.734354
0.65625 0.242956 0 0.783783
0.680456 0.242956 0 0.831201
0.694544 0.242956 0 0.659817
0.71875 0.242956 0 0.703166
0.742956 0.242956 0 0.744794
0.757044 0.242956 0 0.569699
0.78125 0.242956 0 0.605793
0.805456 0.242956 0 0.64041
0.819544 0.242956 0 0.462763
0.84375 0.242956 0 0.489889
0.867956 0.242956 0 0.516236
0.882044 0.242956 0 0.363347
0.90625 0.242956 0 0.38166
0.930456 0.242956 0 0.400028
0.944544 0.242956 0 0.19737
0.96875 0.242956 0 0.209408
0.992956 0.242956 0 0.224542
0.00704385 0.257044 0 0.195017
0.03125 0.257044 0 0.213409
0.0554561 0.257044 0 0.226516
0.0695439 0.257044 0 0.389212
0.09375 0.257044 0 0.409216
0.117956 0.257044 0 0.427464
0.132044 0.257044 0 0.511261
0.15625 0.257044 0 0.537638
0.180456 0.257044 0 0.561666
0.194544 0.257044 0 0.642219
0.21875 0.257044 0 0.67535
0.242956 0.257044 0 0.705531
0.257044 0.257044 0 0.754063
0.28125 0.257044 0 0.792941
0.305456 0.257044 0 0.828352
0.319544 0.257044 0 0.847351
0.34375 0.257044 0 0.891003
0.367956 0.257044 0 0.930744
0.382044 0.257044 0 0.916299
0.40625 0.257044 0 0.963429
0.430456 0.257044 0 1.00632
0.444544 0.257044 0 0.958284
0.46875 0.257044 0 1.00745
0.492956 0.257044 0 1.05217
0.507044 0.257044 0 0.971408
0.53125 0.257044 0 1.02105
0.555456 0.257044 0 1.06617
0.569544 0.257044 0 0.955241
0.59375 0.257044 0 1.00375
0.617956 0.257044 0 1.04783
0.632044 0.257044 0 0.910537
0.65625 0.257044 0 0.956352
0.680456 0.257044 0 0.997942
0.694544 0.257044 0 0.839633
0.71875 0.257044 0 0.881263
0.742956 0.257044 0 0.919038
0.757044 0.257044 0 0.744794
0.78125 0.257044 0 0.780951
0.805456 0.257044 0 0.813709
0.819544 0.257044 0 0.633654
0.84375 0.257044 0 0.663246
0.867956 0.257044 0 0.690128
0.882044 0.257044 0 0.498188
0.90625 0.257044 0 0.520444
0.930456 0.257044 0 0.540535
0.944544 0.257044 0 0.391316
0.96875 0.257044 0 0.411209
0.992956 0.257044 0 0.434897
0.00704385 0.28125 0 0.290159
0.03125 0.28125 0 0.31756
0.0554561 0.28125 0 0.337081
0.0695439 0.28125 0 0.428478
0.09375 0.28125 0 0.450545
0.117956 0.28125 0 0.470663
0.132044 0.28125 0 0.56557
0.15625 0.28125 0 0.594759
0.180456 0.28125 0 0.621342
0.194544 0.28125 0 0.686929
0.21875 0.28125 0 0.722356
0.242956 0.28125 0 0.75463
0.257044 0.28125 0 0.792941
0.28125 0.28125 0 0.833814
0.305456 0.28125 0 0.871035
0.319544 0.28125 0 0.877041
0.34375 0.28125 0 0.922198
0.367956 0.28125 0 0.963305
0.382044 0.28125 0 0.935903
0.40625 0.28125 0 0.984001
0.430456 0.28125 0 1.02776
0.444544 0.28125 0 0.966846
0.46875 0.28125 0 1.01638
0.492956 0.28125 0 1.06143
0.507044 0.28125 0 0.968618
0.53125 0.28125 0 1.01801
0.555456 0.28125 0 1.0629
0.569544 0.28125 0 0.941252
0.59375 0.28125 0 0.988902
0.617956 0.28125 0 1.03218
0.632044 0.28125 0 0.886038
0.65625 0.28125 0 0.930404
0.680456 0.28125 0 0.970668
0.694544 0.28125 0 0.805646
0.71875 0.28125 0 0.845296
0.742956 0.28125 0 0.881263
0.757044 0.28125 0 0.703166
0.78125 0.28125 0 0.736903
0.805456 0.28125 0 0.767465
0.819544 0.28125 0 0.584935
0.84375 0.28125 0 0.611753
0.867956 0.28125 0 0.636129
0.882044 0.28125 0 0.448994
0.90625 0.28125 0 0.468543
0.930456 0.28125 0 0.486147
0.944544 0.28125 0 0.327568
0.96875 0.28125 0 0.343589
0.992956 0.28125 0 0.362875
0.00704385 0.305456 0 0.348491
0.03125 0.305456 0 0.381476
0.0554561 0.305456 0 0.404964
0.0695439 0.305456 0 0.478173
0.09375 0.305456 0 0.502832
0.117956 0.305456 0 0.5253
0.132044 0.305456 0 0.615282
0.15625 0.305456 0 0.647031
0.180456 0.305456 0 0.675949
0.194544 0.305456 0 0.729914
0.21875 0.305456 0 0.76755
0.242956 0.305456 0 0.801833
0.257044 0.305456 0 0.828352
0.28125 0.305456 0 0.871035
0.305456 0.305456 0 0.909898
0.319544 0.305456 0 0.902965
0.34375 0.305456 0 0.949428
0.367956 0.305456 0 0.991716
0.382044 0.305456 0 0.951284
0.40625 0.305456 0 1.00012
0.430456 0.305456 0 1.04455
0.444544 0.305456 0 0.971009
0.46875 0.305456 0 1.02068
0.492956 0.305456 0 1.06584
0.507044 0.305456 0 0.961436
0.53125 0.305456 0 1.01034
0.555456 0.305456 0 1.05478
0.569544 0.305456 0 0.92305
0.59375 0.305456 0 0.969607
0.617956 0.305456 0 1.01188
0.632044 0.305456 0 0.857789
0.65625 0.305456 0 0.900488
0.680456 0.305456 0 0.939234
0.694544 0.305456 0 0.768153
0.71875 0.305456 0 0.805646
0.742956 0.305456 0 0.839633
0.757044 0.305456 0 0.659817
0.78125 0.305456 0 0.690977
0.805456 0.305456 0 0.719244
0.819544 0.305456 0 0.531149
0.84375 0.305456 0 0.5551
0.867956 0.305456 0 0.5768
0.882044 0.305456 0 0.410673
0.90625 0.305456 0 0.42781
0.930456 0.305456 0 0.443334
0.944544 0.305456 0 0.220831
0.96875 0.305456 0 0.231391
0.992956 0.305456 0 0.244186
0.00704385 0.319544 0 0.222819
0.03125 0.319544 0 0.237127
0.0554561 0.319544 0 0.246957
0.0695439 0.319544 0 0.437269
0.09375 0.319544 0 0.452607
0.117956 0.319544 0 0.466021
0.132044 0.319544 0 0.57456
0.15625 0.319544 0 0.59473
0.180456 0.319544 0 0.612373
0.194544 0.319544 0 0.721727
0.21875 0.319544 0 0.74705
0.242956 0.319544 0 0.769182
0.257044 0.319544 0 0.847351
0.28125 0.319544 0 0.877041
0.305456 0.319544 0 0.902965
0.319544 0.319544 0 0.95206
0.34375 0.319544 0 0.985349
0.367956 0.319544 0 1.01439
0.382044 0.319544 0 1.02931
0.40625 0.319544 0 1.0652
0.430456 0.319544 0 1.09649
0.444544 0.319544 0 1.07613
0.46875 0.319544 0 1.11351
0.492956 0.319544 0 1.14607
0.507044 0.319544 0 1.09034
0.53125 0.319544 0 1.12802
0.555456 0.319544 0 1.16081
0.569544 0.319544 0 1.07142
0.59375 0.319544 0 1.10818
0.617956 0.319544 0 1.14014
0.632044 0.319544 0 1.02019
0.65625 0.319544 0 1.05484
0.680456 0.319544 0 1.08493
0.694544 0.319544 0 0.939234
0.71875 0.319544 0 0.970668
0.742956 0.319544 0 0.997942
0.757044 0.319544 0 0.831201
0.78125 0.319544 0 0.858414
0.805456 0.319544 0 0.882017
0.819544 0.319544 0 0.704514
0.84375 0.319544 0 0.726881
0.867956 0.319544 0 0.746247
0.882044 0.319544 0 0.551229
0.90625 0.319544 0 0.567881
0.930456 0.319544 0 0.582349
0.944544 0.319544 0 0.429242
0.96875 0.319544 0 0.444168
0.992956 0.319544 0 0.461093
0.00704385 0.34375 0 0.331578
0.03125 0.34375 0 0.35288
0.0554561 0.34375 0 0.367517
0.0695439 0.34375 0 0.481467
0.09375 0.34375 0 0.498367
0.117956 0.34375 0 0.51315
0.132044 0.34375 0 0.635605
0.15625 0.34375 0 0.657914
0.180456 0.34375 0 0.677425
0.194544 0.34375 0 0.77195
0.21875 0.34375 0 0.799024
0.242956 0.34375 0 0.822677
0.257044 0.34375 0 0.891003
0.28125 0.34375 0 0.922198
0.305456 0.34375 0 0.949428
0.319544 0.34375 0 0.985349
0.34375 0.34375 0 1.01977
0.367956 0.34375 0 1.04978
0.382044 0.34375 0 1.05122
0.40625 0.34375 0 1.08783
0.430456 0.34375 0 1.11972
0.444544 0.34375 0 1.08556
0.46875 0.34375 0 1.12321
0.492956 0.34375 0 1.15598
0.507044 0.34375 0 1.08694
0.53125 0.34375 0 1.12441
0.555456 0.34375 0 1.157
0.569544 0.34375 0 1.05534
0.59375 0.34375 0 1.09143
0.617956 0.34375 0 1.12278
0.632044 0.34375 0 0.992199
0.65625 0.34375 0 1.02573
0.680456 0.34375 0 1.05484
0.694544 0.34375 0 0.900488
0.71875 0.34375 0 0.930404
0.742956 0.34375 0 0.956352
0.757044 0.34375 0 0.783783
0.78125 0.34375 0 0.809167
0.805456 0.34375 0 0.831177
0.819544 0.34375 0 0.649179
0.84375 0.34375 0 0.669467
0.867956 0.34375 0 0.687032
0.882044 0.34375 0 0.4955
0.90625 0.34375 0 0.510077
0.930456 0.34375 0 0.522772
0.944544 0.34375 0 0.358234
0.96875 0.34375 0 0.370433
0.992956 0.34375 0 0.384231
0.00704385 0.367956 0 0.398348
0.03125 0.367956 0 0.423963
0.0554561 0.367956 0 0.441565
0.0695439 0.367956 0 0.537361
0.09375 0.367956 0 0.556226
0.117956 0.367956 0 0.572729
0.132044 0.367956 0 0.691466
0.15625 0.367956 0 0.715731
0.180456 0.367956 0 0.736943
0.194544 0.367956 0 0.820231
0.21875 0.367956 0 0.848981
0.242956 0.367956 0 0.87409
0.257044 0.367956 0 0.930744
0.28125 0.367956 0 0.963305
0.305456 0.367956 0 0.991716
0.319544 0.367956 0 1.01439
0.34375 0.367956 0 1.04978
0.367956 0.367956 0 1.08064
0.382044 0.367956 0 1.06836
0.40625 0.367956 0 1.10551
0.430456 0.367956 0 1.13787
0.444544 0.367956 0 1.09003
0.46875 0.367956 0 1.12775
0.492956 0.367956 0 1.16058
0.507044 0.367956 0 1.07857
0.53125 0.367956 0 1.11565
0.555456 0.367956 0 1.14788
0.569544 0.367956 0 1.0345
0.59375 0.367956 0 1.06972
0.617956 0.367956 0 1.10033
0.632044 0.367956 0 0.959951
0.65625 0.367956 0 0.992199
0.680456 0.367956 0 1.02019
0.694544 0.367956 0 0.857789
0.71875 0.367956 0 0.886038
0.742956 0.367956 0 0.910537
0.757044 0.367956 0 0.734354
0.78125 0.367956 0 0.75785
0.805456 0.367956 0 0.778208
0.819544 0.367956 0 0.588388
0.84375 0.367956 0 0.606414
0.867956 0.367956 0 0.622047
0.882044 0.367956 0 0.451624
0.90625 0.367956 0 0.464548
0.930456 0.367956 0 0.475798
0.944544 0.367956 0 0.241092
0.96875 0.367956 0 0.249204
0.992956 0.367956 0 0.258365
0.00704385 0.382044 0 0.244368
0.03125 0.382044 0 0.254146
0.0554561 0.382044 0 0.260387
0.0695439 0.382044 0 0.472934
0.09375 0.382044 0 0.483159
0.117956 0.382044 0 0.491276
0.132044 0.382044 0 0.621466
0.15625 0.382044 0 0.634883
0.180456 0.382044 0 0.645482
0.194544 0.382044 0 0.780578
0.21875 0.382044 0 0.79736
0.242956 0.382044 0 0.810571
0.257044 0.382044 0 0.916299
0.28125 0.382044 0 0.935903
0.305456 0.382044 0 0.951284
0.319544 0.382044 0 1.02931
0.34375 0.382044 0 1.05122
0.367956 0.382044 0 1.06836
0.382044 0.382044 0 1.11255
0.40625 0.382044 0 1.13609
0.430456 0.382044 0 1.15447
0.444544 0.382044 0 1.16277
0.46875 0.382044 0 1.18722
0.492956 0.382044 0 1.20626
0.507044 0.382044 0 1.17761
0.53125 0.382044 0 1.20219
0.555456 0.382044 0 1.22128
0.569544 0.382044 0 1.15651
0.59375 0.382044 0 1.18041
0.617956 0.382044 0 1.19893
0.632044 0.382044 0 1.10033
0.65625 0.382044 0 1.12278
0.680456 0.382044 0 1.14014
0.694544 0.382044 0 1.01188
0.71875 0.382044 0 1.03218
0.742956 0.382044 0 1.04783
0.757044 0.382044 0 0.894072
0.78125 0.382044 0 0.9116
0.805456 0.382044 0 0.925058
0.819544 0.382044 0 0.756121
0.84375 0.382044 0 0.770452
0.867956 0.382044 0 0.781417
0.882044 0.382044 0 0.589749
0.90625 0.382044 0 0.600462
0.930456 0.382044 0 0.608609
0.944544 0.382044 0 0.457132
0.96875 0.382044 0 0.466232
0.992956 0.382044 0 0.475137
0.00704385 0.40625 0 0.363661
0.03125 0.40625 0 0.378219
0.0554561 0.40625 0 0.387505
0.0695439 0.40625 0 0.520769
0.09375 0.40625 0 0.532027
0.117956 0.40625 0 0.540946
0.132044 0.40625 0 0.687477
0.15625 0.40625 0 0.702299
0.180456 0.40625 0 0.713991
0.194544 0.40625 0 0.834851
0.21875 0.40625 0 0.852767
0.242956 0.40625 0 0.866851
0.257044 0.40625 0 0.963429
0.28125 0.40625 0 0.984001
0.305456 0.40625 0 1.00012
0.319544 0.40625 0 1.0652
0.34375 0.40625 0 1.08783
0.367956 0.40625 0 1.10551
0.382044 0.40625 0 1.13609
0.40625 0.40625 0 1.16008
0.430456 0.40625 0 1.17878
0.444544 0.40625 0 1.17279
0.46875 0.40625 0 1.19738
0.492956 0.40625 0 1.21651
0.507044 0.40625 0 1.1737
0.53125 0.40625 0 1.19811
0.555456 0.40625 0 1.21705
0.569544 0.40625 0 1.13884
0.59375 0.40625 0 1.16227
0.617956 0.40625 0 1.18041
0.632044 0.40625 0 1.06972
0.65625 0.40625 0 1.09143
0.680456 0.40625 0 1.10818
0.694544 0.40625 0 0.969607
0.71875 0.40625 0 0.988902
0.742956 0.40625 0 1.00375
0.757044 0.40625 0 0.842415
0.78125 0.40625 0 0.858744
0.805456 0.40625 0 0.871262
0.819544 0.40625 0 0.695985
0.84375 0.40625 0 0.708969
0.867956 0.40625 0 0.718889
0.882044 0.40625 0 0.529277
0.90625 0.40625 0 0.538685
0.930456 0.40625 0 0.545817
0.944544 0.40625 0 0.381008
0.96875 0.40625 0 0.388412
0.992956 0.40625 0 0.395654
0.00704385 0.430456 0 0.436927
0.03125 0.430456 0 0.454431
0.0554561 0.430456 0 0.465584
0.0695439 0.430456 0 0.581234
0.09375 0.430456 0 0.59379
0.117956 0.430456 0 0.603719
0.132044 0.430456 0 0.747869
0.15625 0.430456 0 0.763966
0.180456 0.430456 0 0.776646
0.194544 0.430456 0 0.887008
0.21875 0.430456 0 0.906007
0.242956 0.430456 0 0.920924
0.257044 0.430456 0 1.00632
0.28125 0.430456 0 1.02776
0.305456 0.430456 0 1.04455
0.319544 0.430456 0 1.09649
0.34375 0.430456 0 1.11972
0.367956 0.430456 0 1.13787
0.382044 0.430456 0 1.15447
0.40625 0.430456 0 1.17878
0.430456 0.430456 0 1.19772
0.444544 0.430456 0 1.17741
0.46875 0.430456 0 1.20202
0.492956 0.430456 0 1.22115
0.507044 0.430456 0 1.1644
0.53125 0.430456 0 1.18852
0.555456 0.430456 0 1.20722
0.569544 0.430456 0 1.11599
0.59375 0.430456 0 1.13884
0.617956 0.430456 0 1.15651
0.632044 0.430456 0 1.0345
0.65625 0.430456 0 1.05534
0.680456 0.430456 0 1.07142
0.694544 0.430456 0 0.92305
0.71875 0.430456 0 0.941252
0.742956 0.430456 0 0.955241
0.757044 0.430456 0 0.788595
0.78125 0.430456 0 0.803675
0.805456 0.430456 0 0.815222
0.819544 0.430456 0 0.630028
0.84375 0.430456 0 0.641591
0.867956 0.430456 0 0.650401
0.882044 0.430456 0 0.48156
0.90625 0.430456 0 0.489885
0.930456 0.430456 0 0.496185
0.944544 0.430456 0 0.256228
0.96875 0.430456 0 0.261137
0.992956 0.430456 0 0.265939
0.00704385 0.444544 0 0.258994
0.03125 0.444544 0 0.263928
0.0554561 0.444544 0 0.266395
0.0695439 0.444544 0 0.495027
0.09375 0.444544 0 0.499754
0.117956 0.444544 0 0.502303
0.132044 0.444544 0 0.65035
0.15625 0.444544 0 0.656414
0.180456 0.444544 0 0.659561
0.194544 0.444544 0 0.816609
0.21875 0.444544 0 0.824057
0.242956 0.444544 0 0.827793
0.257044 0.444544 0 0.958284
0.28125 0.444544 0 0.966846
0.305456 0.444544 0 0.971009
0.319544 0.444544 0 1.07613
0.34375 0.444544 0 1.08556
0.367956 0.444544 0 1.09003
0.382044 0.444544 0 1.16277
0.40625 0.444544 0 1.17279
0.430456 0.444544 0 1.17741
0.444544 0.444544 0 1.21483
0.46875 0.444544 0 1.22512
0.492956 0.444544 0 1.22975
0.507044 0.444544 0 1.22985
0.53125 0.444544 0 1.24007
0.555456 0.444544 0 1.24457
0.569544 0.444544 0 1.20722
0.59375 0.444544 0 1.21705
0.617956 0.444544 0 1.22128
0.632044 0.444544 0 1.14788
0.65625 0.444544 0 1.157
0.680456 0.444544 0 1.16081
0.694544 0.444544 0 1.05478
0.71875 0.444544 0 1.0629
0.742956 0.444544 0 1.06617
0.757044 0.444544 0 0.93101
0.78125 0.444544 0 0.937894
0.805456 0.444544 0 0.940536
0.819544 0.444544 0 0.786242
0.84375 0.444544 0 0.791751
0.867956 0.444544 0 0.793725
0.882044 0.444544 0 0.612164
0.90625 0.444544 0 0.616153
0.930456 0.444544 0 0.617451
0.944544 0.444544 0 0.473217
0.96875 0.444544 0 0.475744
0.992956 0.444544 0 0.475933
0.00704385 0.46875 0 0.385435
0.03125 0.46875 0 0.392758
0.0554561 0.46875 0 0.396405
0.0695439 0.46875 0 0.545057
0.09375 0.46875 0 0.550213
0.117956 0.46875 0 0.552949
0.132044 0.46875 0 0.719349
0.15625 0.46875 0 0.726
0.180456 0.46875 0 0.729407
0.194544 0.46875 0 0.873277
0.21875 0.46875 0 0.881177
0.242956 0.46875 0 0.88509
0.257044 0.46875 0 1.00745
0.28125 0.46875 0 1.01638
0.305456 0.46875 0 1.02068
0.319544 0.46875 0 1.11351
0.34375 0.46875 0 1.12321
0.367956 0.46875 0 1.12775
0.382044 0.46875 0 1.18722
0.40625 0.46875 0 1.19738
0.430456 0.46875 0 1.20202
0.444544 0.46875 0 1.22512
0.46875 0.46875 0 1.23541
0.492956 0.46875 0 1.24002
0.507044 0.46875 0 1.22555
0.53125 0.46875 0 1.23566
0.555456 0.46875 0 1.24007
0.569544 0.46875 0 1.18852
0.59375 0.46875 0 1.19811
0.617956 0.46875 0 1.20219
0.632044 0.46875 0 1.11565
0.65625 0.46875 0 1.12441
0.680456 0.46875 0 1.12802
0.694544 0.46875 0 1.01034
0.71875 0.46875 0 1.01801
0.742956 0.46875 0 1.02105
0.757044 0.46875 0 0.876787
0.78125 0.46875 0 0.883147
0.805456 0.46875 0 0.885532
0.819544 0.46875 0 0.723244
0.84375 0.46875 0 0.728185
0.867956 0.46875 0 0.729897
0.882044 0.46875 0 0.548917
0.90625 0.46875 0 0.552365
0.930456 0.46875 0 0.553428
0.944544 0.46875 0 0.394091
0.96875 0.46875 0 0.396106
0.992956 0.46875 0 0.396169
0.00704385 0.492956 0 0.463104
0.03125 0.492956 0 0.471861
0.0554561 0.492956 0 0.476191
0.0695439 0.492956 0 0.608285
0.09375 0.492956 0 0.613986
0.117956 0.492956 0 0.616967
0.132044 0.492956 0 0.782447
0.15625 0.492956 0 0.78962
0.180456 0.492956 0 0.793246
0.194544 0.492956 0 0.927719
0.21875 0.492956 0 0.936045
0.242956 0.492956 0 0.94012
0.257044 0.492956 0 1.05217
0.28125 0.492956 0 1.06143
0.305456 0.492956 0 1.06584
0.319544 0.492956 0 1.14607
0.34375 0.492956 0 1.15598
0.367956 0.492956 0 1.16058
0.382044 0.492956 0 1.20626
0.40625 0.492956 0 1.21651
0.430456 0.492956 0 1.22115
0.444544 0.492956 0 1.22975
0.46875 0.492956 0 1.24002
0.492956 0.492956 0 1.24456
0.507044 0.492956 0 1.2156
0.53125 0.492956 0 1.22555
0.555456 0.492956 0 1.22985
0.569544 0.492956 0 1.1644
0.59375 0.492956 0 1.1737
0.617956 0.492956 0 1.17761
0.632044 0.492956 0 1.07857
0.65625 0.492956 0 1.08694
0.680456 0.492956 0 1.09034
0.694544 0.492956 0 0.961436
0.71875 0.492956 0 0.968618
0.742956 0.492956 0 0.971408
0.757044 0.492956 0 0.820308
0.78125 0.492956 0 0.826134
0.805456 0.492956 0 0.82826
0.819544 0.492956 0 0.654256
0.84375 0.492956 0 0.658601
0.867956 0.492956 0 0.660051
0.882044 0.492956 0 0.498914
0.90625 0.492956 0 0.50192
0.930456 0.492956 0 0.502786
0.944544 0.492956 0 0.264902
0.96875 0.492956 0 0.266222
0.992956 0.492956 0 0.266229
0.00704385 0.507044 0 0.266229
0.03125 0.507044 0 0.266222
0.0554561 0.507044 0 0.264902
0.0695439 0.507044 0 0.502786
0.09375 0.507044 0 0.50192
0.117956 0.507044 0 0.498914
0.132044 0.507044 0 0.660051
0.15625 0.507044 0 0.658601
0.180456 0.507044 0 0.654256
0.194544 0.507044 0 0.82826
0.21875 0.507044 0 0.826134
0.242956 0.507044 0 0.820308
0.257044 0.507044 0 0.971408
0.28125 0.507044 0 0.968618
0.305456 0.507044 0 0.961436
0.319544 0.507044 0 1.09034
0.34375 0.507044 0 1.08694
0.367956 0.507044 0 1.07857
0.382044 0.507044 0 1.17761
0.40625 0.507044 0 1.1737
0.430456 0.507044 0 1.1644
0.444544 0.507044 0 1.22985
0.46875 0.507044 0 1.22555
0.492956 0.507044 0 1.2156
0.507044 0.507044 0 1.24456
0.53125 0.507044 0 1.24002
0.555456 0.507044 0 1.22975
0.569544 0.507044 0 1.22115
0.59375 0.507044 0 1.21651
0.617956 0.507044 0 1.20626
0.632044 0.507044 0 1.16058
0.65625 0.507044 0 1.15598
0.680456 0.507044 0 1.14607
0.694544 0.507044 0 1.06584
0.71875 0.507044 0 1.06143
0.742956 0.507044 0 1.05217
0.757044 0.507044 0 0.94012
0.78125 0.507044 0 0.936045
0.805456 0.507044 0 0.927719
0.819544 0.507044 0 0.793246
0.84375 0.507044 0 0.78962
0.867956 0.507044 0 0.782447
0.882044 0.507044 0 0.616967
0.90625 0.507044 0 0.613986
0.930456 0.507044 0 0.608285
0.944544 0.507044 0 0.476191
0.96875 0.507044 0 0.471861
0.992956 0.507044 0 0.463104
0.00704385 0.53125 0 0.396169
0.03125 0.53125 0 0.396106
0.0554561 0.53125 0 0.394091
0.0695439 0.53125 0 0.553428
0.09375 0.53125 0 0.552365
0.117956 0.53125 0 0.548917
0.132044 0.53125 0 0.729897
0.15625 0.53125 0 0.728185
0.180456 0.53125 0 0.723244
0.194544 0.53125 0 0.885532
0.21875 0.53125 0 0.883147
0.242956 0.53125 0 0.876787
0.257044 0.53125 0 1.02105
0.28125 0.53125 0 1.01801
0.305456 0.53125 0 1.01034
0.319544 0.53125 0 1.12802
0.34375 0.53125 0 1.12441
0.367956 0.53125 0 1.11565
0.382044 0.53125 0 1.20219
0.40625 0.53125 0 1.19811
0.430456 0.53125 0 1.18852
0.444544 0.53125 0 1.24007
0.46875 0.53125 0 1.23566
0.492956 0.53125 0 1.22555
0.507044 0.53125 0 1.24002
0.53125 0.53125 0 1.23541
0.555456 0.53125 0 1.22512
0.569544 0.53125 0 1.20202
0.59375 0.53125 0 1.19738
0.617956 0.53125 0 1.18722
0.632044 0.53125 0 1.12775
0.65625 0.53125 0 1.12321
0.680456 0.53125 0 1.11351
0.694544 0.53125 0 1.02068
0.71875 0.53125 0 1.01638
0.742956 0.53125 0 1.00745
0.757044 0.53125 0 0.88509
0.78125 0.53125 0 0.881177
0.805456 0.53125 0 0.873277
0.819544 0.53125 0 0.729407
0.84375 0.53125 0 0.726
0.867956 0.53125 0 0.719349
0.882044 0.53125 0 0.552949
0.90625 0.53125 0 0.550213
0.930456 0.53125 0 0.545057
0.944544 0.53125 0 0.396405
0.96875 0.53125 0 0.392758
0.992956 0.53125 0 0.385435
0.00704385 0.555456 0 0.475933
0.03125 0.555456 0 0.475744
0.0554561 0.555456 0 0.473217
0.0695439 0.555456 0 0.617451
0.09375 0.555456 0 0.616153
0.117956 0.555456 0 0.612164
0.132044 0.555456 0 0.793725
0.15625 0.555456 0 0.791751
0.180456 0.555456 0 0.786242
0.194544 0.555456 0 0.940536
0.21875 0.555456 0 0.937894
0.242956 0.555456 0 0.93101
0.257044 0.555456 0 1.06617
0.28125 0.555456 0 1.0629
0.305456 0.555456 0 1.05478
0.319544 0.555456 0 1.16081
0.34375 0.555456 0 1.157
0.367956 0.555456 0 1.14788
0.382044 0.555456 0 1.22128
0.40625 0.555456 0 1.21705
0.430456 0.555456 0 1.20722
0.444544 0.555456 0 1.24457
0.46875 0.555456 0 1.24007
0.492956 0.555456 0 1.22985
0.507044 0.555456 0 1.22975
0.53125 0.555456 0 1.22512
0.555456 0.555456 0 1.21483
0.569544 0.555456 0 1.17741
0.59375 0.555456 0 1.17279
0.617956 0.555456 0 1.16277
0.632044 0.555456 0 1.09003
0.65625 0.555456 0 1.08556
0.680456 0.555456 0 1.07613
0.694544 0.555456 0 0.971009
0.71875 0.555456 0 0.966846
0.742956 0.555456 0 0.958284
0.757044 0.555456 0 0.827793
0.78125 0.555456 0 0.824057
0.805456 0.555456 0 0.816609
0.819544 0.555456 0 0.659561
0.84375 0.555456 0 0.656414
0.867956 0.555456 0 0.65035
0.882044 0.555456 0 0.502303
0.90625 0.555456 0 0.499754
0.930456 0.555456 0 0.495027
0.944544 0.555456 0 0.266395
0.96875 0.555456 0 0.263928
0.992956 0.555456 0 0.258994
0.00704385 0.569544 0 0.265939
0.03125 0.569544 0 0.261137
0.0554561 0.569544 0 0.256228
0.0695439 0.569544 0 0.496185
0.09375 0.569544 0 0.489885
0.117956 0.569544 0 0.48156
0.132044 0.569544 0 0.650401
0.15625 0.569544 0 0.641591
0.180456 0.569544 0 0.630028
0.194544 0.569544 0 0.815222
0.21875 0.569544 0 0.803675
0.242956 0.569544 0 0.788595
0.257044 0.569544 0 0.955241
0.28125 0.569544 0 0.941252
0.305456 0.569544 0 0.92305
0.319544 0.569544 0 1.07142
0.34375 0.569544 0 1.05534
0.367956 0.569544 0 1.0345
0.382044 0.569544 0 1.15651
0.40625 0.569544 0 1.13884
0.430456 0.569544 0 1.11599
0.444544 0.569544 0 1.20722
0.46875 0.569544 0 1.18852
0.492956 0.569544 0 1.1644
0.507044 0.569544 0 1.22115
0.53125 0.569544 0 1.20202
0.555456 0.569544 0 1.17741
0.569544 0.569544 0 1.19772
0.59375 0.569544 0 1.17878
0.617956 0.569544 0 1.15447
0.632044 0.569544 0 1.13787
0.65625 0.569544 0 1.11972
0.680456 0.569544 0 1.09649
0.694544 0.569544 0 1.04455
0.71875 0.569544 0 1.02776
0.742956 0.569544 0 1.00632
0.757044 0.569544 0 0.920924
0.78125 0.569544 0 0.906007
0.805456 0.569544 0 0.887008
0.819544 0.569544 0 0.776646
0.84375 0.569544 0 0.763966
0.867956 0.569544 0 0.747869
0.882044 0.569544 0 0.603719
0.90625 0.569544 0 0.59379
0.930456 0.569544 0 0.581234
0.944544 0.569544 0 0.465584
0.96875 0.569544 0 0.454431
0.992956 0.569544 0 0.436927
0.00704385 0.59375 0 0.395654
0.03125 0.59375 0 0.388412
0.0554561 0.59375 0 0.381008
0.0695439 0.59375 0 0.545817
0.09375 0.59375 0 0.538685
0.117956 0.59375 0 0.529277
0.132044 0.59375 0 0.718889
0.15625 0.59375 0 0.708969
0.180456 0.59375 0 0.695985
0.194544 0.59375 0 0.871262
0.21875 0.59375 0 0.858744
0.242956 0.59375 0 0.842415
0.257044 0.59375 0 1.00375
0.28125 0.59375 0 0.988902
0.305456 0.59375 0 0.969607
0.319544 0.59375 0 1.10818
0.34375 0.59375 0 1.09143
0.367956 0.59375 0 1.06972
0.382044 0.59375 0 1.18041
0.40625 0.59375 0 1.16227
0.430456 0.59375 0 1.13884
0.444544 0.59375 0 1.21705
0.46875 0.59375 0 1.19811
0.492956 0.59375 0 1.1737
0.507044 0.59375 0 1.21651
0.53125 0.59375 0 1.19738
0.555456 0.59375 0 1.17279
0.569544 0.59375 0 1.17878
0.59375 0.59375 0 1.16008
0.617956 0.59375 0 1.13609
0.632044 0.59375 0 1.10551
0.65625 0.59375 0 1.08783
0.680456 0.59375 0 1.0652
0.694544 0.59375 0 1.00012
0.71875 0.59375 0 0.984001
0.742956 0.59375 0 0.963429
0.757044 0.59375 0 0.866851
0.78125 0.59375 0 0.852767
0.805456 0.59375 0 0.834851
0.819544 0.59375 0 0.713991
0.84375 0.59375 0 0.702299
0.867956 0.59375 0 0.687477
0.882044 0.59375 0 0.540946
0.90625 0.59375 0 0.532027
0.930456 0.59375 0 0.520769
0.944544 0.59375 0 0.387505
0.96875 0.59375 0 0.378219
0.992956 0.59375 0 0.363661
0.00704385 0.617956 0 0.475137
0.03125 0.617956 0 0.466232
0.0554561 0.617956 0 0.457132
0.0695439 0.617956 0 0.608609
0.09375 0.617956 0 0.600462
0.117956 0.617956 0 0.589749
0.132044 0.617956 0 0.781417
0.15625 0.617956 0 0.770452
0.180456 0.617956 0 0.756121
0.194544 0.617956 0 0.925058
0.21875 0.617956 0 0.9116
0.242956 0.617956 0 0.894072
0.257044 0.617956 0 1.04783
0.28125 0.617956 0 1.03218
0.305456 0.617956 0 1.01188
0.319544 0.617956 0 1.14014
0.34375 0.617956 0 1.12278
0.367956 0.617956 0 1.10033
0.382044 0.617956 0 1.19893
0.40625 0.617956 0 1.18041
0.430456 0.617956 0 1.15651
0.444544 0.617956 0 1.22128
0.46875 0.617956 0 1.20219
0.492956 0.617956 0 1.17761
0.507044 0.617956 0 1.20626
0.53125 0.617956 0 1.18722
0.555456 0.617956 0 1.16277
0.569544 0.617956 0 1.15447
0.59375 0.617956 0 1.13609
0.617956 0.617956 0 1.11255
0.632044 0.617956 0 1.06836
0.65625 0.617956 0 1.05122
0.680456 0.617956 0 1.02931
0.694544 0.617956 0 0.951284
0.71875 0.617956 0 0.935903
0.742956 0.617956 0 0.916299
0.757044 0.617956 0 0.810571
0.78125 0.617956 0 0.79736
0.805456 0.617956 0 0.780578
0.819544 0.617956 0 0.645482
0.84375 0.617956 0 0.634883
0.867956 0.617956 0 0.621466
0.882044 0.617956 0 0.491276
0.90625 0.617956 0 0.483159
0.930456 0.617956 0 0.472934
0.944544 0.617956 0 0.260387
0.96875 0.617956 0 0.254146
0.992956 0.617956 0 0.244368
0.00704385 0.632044 0 0.258365
0.03125 0.632044 0 0.249204
0.0554561 0.632044 0 0.241092
0.0695439 0.632044 0 0.475798
0.09375 0.632044 0 0.464548
0.117956 0.632044 0 0.451624
0.132044 0.632044 0 0.622047
0.15625 0.632044 0 0.606414
0.180456 0.632044 0 0.588388
0.194544 0.632044 0 0.778208
0.21875 0.632044 0 0.75785
0.242956 0.632044 0 0.734354
0.257044 0.632044 0 0.910537
0.28125 0.632044 0 0.886038
0.305456 0.632044 0 0.857789
0.319544 0.632044 0 1.02019
0.34375 0.632044 0 0.992199
0.367956 0.632044 0 0.959951
0.382044 0.632044 0 1.10033
0.40625 0.632044 0 1.06972
0.430456 0.632044 0 1.0345
0.444544 0.632044 0 1.14788
0.46875 0.632044 0 1.11565
0.492956 0.632044 0 1.07857
0.507044 0.632044 0 1.16058
0.53125 0.632044 0 1.12775
0.555456 0.632044 0 1.09003
0.569544 0.632044 0 1.13787
0.59375 0.632044 0 1.10551
0.617956 0.632044 0 1.06836
0.632044 0.632044 0 1.08064
0.65625 0.632044 0 1.04978
0.680456 0.632044 0 1.01439
0.694544 0.632044 0 0.991716
0.71875 0.632044 0 0.963305
0.742956 0.632044 0 0.930744
0.757044 0.632044 0 0.87409
0.78125 0.632044 0 0.848981
0.805456 0.632044 0 0.820231
0.819544 0.632044 0 0.736943
0.84375 0.632044 0 0.715731
0.867956 0.632044 0 0.691466
0.882044 0.632044 0 0.572729
0.90625 0.632044 0 0.556226
0.930456 0.632044 0 0.537361
0.944544 0.632044 0 0.441565
0.96875 0.632044 0 0.423963
0.992956 0.632044 0 0.398348
0.00704385 0.65625 0 0.384231
0.03125 0.65625 0 0.370433
0.0554561 0.65625 0 0.358234
0.0695439 0.65625 0 0.522772
0.09375 0.65625 0 0.510077
0.117956 0.65625 0 0.4955
0.132044 0.65625 0 0.687032
0.15625 0.65625 0 0.669467
0.180456 0.65625 0 0.649179
0.194544 0.65625 0 0.831177
0.21875 0.65625 0 0.809167
0.242956 0.65625 0 0.783783
0.257044 0.65625 0 0.956352
0.28125 0.65625 0 0.930404
0.305456 0.65625 0 0.900488
0.319544 0.65625 0 1.05484
0.34375 0.65625 0 1.02573
0.367956 0.65625 0 0.992199
0.382044 0.65625 0 1.12278
0.40625 0.65625 0 1.09143
0.430456 0.65625 0 1.05534
0.444544 0.65625 0 1.157
0.46875 0.65625 0 1.12441
0.492956 0.65625 0 1.08694
0.507044 0.65625 0 1.15598
0.53125 0.65625 0 1.12321
0.555456 0.65625 0 1.08556
0.569544 0.65625 0 1.11972
0.59375 0.65625 0 1.08783
0.617956 0.65625 0 1.05122
0.632044 0.65625 0 1.04978
0.65625 0.65625 0 1.01977
0.680456 0.65625 0 0.985349
0.694544 0.65625 0 0.949428
0.71875 0.65625 0 0.922198
0.742956 0.65625 0 0.891003
0.757044 0.65625 0 0.822677
0.78125 0.65625 0 0.799024
0.805456 0.65625 0 0.77195
0.819544 0.65625 0 0.677425
0.84375 0.65625 0 0.657914
0.867956 0.65625 0 0.635605
0.882044 0.65625 0 0.51315
0.90625 0.65625 0 0.498367
0.930456 0.65625 0 0.481467
0.944544 0.65625 0 0.367517
0.96875 0.65625 0 0.35288
0.992956 0.65625 0 0.331578
0.00704385 0.680456 0 0.461093
0.03125 0.680456 0 0.444168
0.0554561 0.680456 0 0.429242
0.0695439 0.680456 0 0.582349
0.09375 0.680456 0 0.567881
0.117956 0.680456 0 0.551229
0.132044 0.680456 0 0.746247
0.15625 0.680456 0 0.726881
0.180456 0.680456 0 0.704514
0.194544 0.680456 0 0.882017
0.21875 0.680456 0 0.858414
0.242956 0.680456 0 0.831201
0.257044 0.680456 0 0.997942
0.28125 0.680456 0 0.970668
0.305456 0.680456 0 0.939234
0.319544 0.680456 0 1.08493
0.34375 0.680456 0 1.05484
0.367956 0.680456 0 1.02019
0.382044 0.680456 0 1.14014
0.40625 0.680456 0 1.10818
0.430456 0.680456 0 1.07142
0.444544 0.680456 0 1.16081
0.46875 0.680456 0 1.12802
0.492956 0.680456 0 1.09034
0.507044 0.680456 0 1.14607
0.53125 0.680456 0 1.11351
0.555456 0.680456 0 1.07613
0.569544 0.680456 0 1.09649
0.59375 0.680456 0 1.0652
0.617956 0.680456 0 1.02931
0.632044 0.680456 0 1.01439
0.65625 0.680456 0 0.985349
0.680456 0.680456 0 0.95206
0.694544 0.680456 0 0.902965
0.71875 0.680456 0 0.877041
0.742956 0.680456 0 0.847351
0.757044 0.680456 0 0.769182
0.78125 0.680456 0 0.74705
0.805456 0.680456 0 0.721727
0.819544 0.680456 0 0.612373
0.84375 0.680456 0 0.59473
0.867956 0.680456 0 0.57456
0.882044 0.680456 0 0.466021
0.90625 0.680456 0 0.452607
0.930456 0.680456 0 0.437269
0.944544 0.680456 0 0.246957
0.96875 0.680456 0 0.237127
0.992956 0.680456 0 0.222819
0.00704385 0.694544 0 0.244186
0.03125 0.694544 0 0.231391
0.0554561 0.694544 0 0.220831
0.0695439 0.694544 0 0.443334
0.09375 0.694544 0 0.42781
0.117956 0.694544 0 0.410673
0.132044 0.694544 0 0.5768
0.15625 0.694544 0 0.5551
0.180456 0.694544 0 0.531149
0.194544 0.694544 0 0.719244
0.21875 0.694544 0 0.690977
0.242956 0.694544 0 0.659817
0.257044 0.694544 0 0.839633
0.28125 0.694544 0 0.805646
0.305456 0.694544 0 0.768153
0.319544 0.694544 0 0.939234
0.34375 0.694544 0 0.900488
0.367956 0.694544 0 0.857789
0.382044 0.694544 0 1.01188
0.40625 0.694544 0 0.969607
0.430456 0.694544 0 0.92305
0.444544 0.694544 0 1.05478
0.46875 0.694544 0 1.01034
0.492956 0.694544 0 0.961436
0.507044 0.694544 0 1.06584
0.53125 0.694544 0 1.02068
0.555456 0.694544 0 0.971009
0.569544 0.694544 0 1.04455
0.59375 0.694544 0 1.00012
0.617956 0.694544 0 0.951284
0.632044 0.694544 0 0.991716
0.65625 0.694544 0 0.949428
0.680456 0.694544 0 0.902965
0.694544 0.694544 0 0.909898
0.71875 0.694544 0 0.871035
0.742956 0.694544 0 0.828352
0.757044 0.694544 0 0.801833
0.78125 0.694544 0 0.76755
0.805456 0.694544 0 0.729914
0.819544 0.694544 0 0.675949
0.84375 0.694544 0 0.647031
0.867956 0.694544 0 0.615282
0.882044 0.694544 0 0.5253
0.90625 0.694544 0 0.502832
0.930456 0.694544 0 0.478173
0.944544 0.694544 0 0.404964
0.96875 0.694544 0 0.381476
0.992956 0.694544 0 0.348491
0.00704385 0.71875 0 0.362875
0.03125 0.71875 0 0.343589
0.0554561 0.71875 0 0.327568
0.0695439 0.71875 0 0.486147
0.09375 0.71875 0 0.468543
0.117956 0.71875 0 0.448994
0.132044 0.71875 0 0.636129
0.15625 0.71875 0 0.611753
0.180456 0.71875 0 0.584935
0.194544 0.71875 0 0.767465
0.21875 0.71875 0 0.736903
0.242956 0.71875 0 0.703166
0.257044 0.71875 0 0.881263
0.28125 0.71875 0 0.845296
0.305456 0.71875 0 0.805646
0.319544 0.71875 0 0.970668
0.34375 0.71875 0 0.930404
0.367956 0.71875 0 0.886038
0.382044 0.71875 0 1.03218
0.40625 0.71875 0 0.988902
0.430456 0.71875 0 0.941252
0.444544 0.71875 0 1.0629
0.46875 0.71875 0 1.01801
0.492956 0.71875 0 0.968618
0.507044 0.71875 0 1.06143
0.53125 0.71875 0 1.01638
0.555456 0.71875 0 0.966846
0.569544 0.71875 0 1.02776
0.59375 0.71875 0 0.984001
0.617956 0.71875 0 0.935903
0.632044 0.71875 0 0.963305
0.65625 0.71875 0 0.922198
0.680456 0.71875 0 0.877041
0.694544 0.71875 0 0.871035
0.71875 0.71875 0 0.833814
0.742956 0.71875 0 0.792941
0.757044 0.71875 0 0.75463
0.78125 0.71875 0 0.722356
0.805456 0.71875 0 0.686929
0.819544 0.71875 0 0.621342
0.84375 0.71875 0 0.594759
0.867956 0.71875 0 0.56557
0.882044 0.71875 0 0.470663
0.90625 0.71875 0 0.450545
0.930456 0.71875 0 0.428478
0.944544 0.71875 0 0.337081
0.96875 0.71875 0 0.31756
0.992956 0.71875 0 0.290159
0.00704385 0.742956 0 0.434897
0.03125 0.742956 0 0.411209
0.0554561 0.742956 0 0.391316
0.0695439 0.742956 0 0.540535
0.09375 0.742956 0 0.520444
0.117956 0.742956 0 0.498188
0.132044 0.742956 0 0.690128
0.15625 0.742956 0 0.663246
0.180456 0.742956 0 0.633654
0.194544 0.742956 0 0.813709
0.21875 0.742956 0 0.780951
0.242956 0.742956 0 0.744794
0.257044 0.742956 0 0.919038
0.28125 0.742956 0 0.881263
0.305456 0.742956 0 0.839633
0.319544 0.742956 0 0.997942
0.34375 0.742956 0 0.956352
0.367956 0.742956 0 0.910537
0.382044 0.742956 0 1.04783
0.40625 0.742956 0 1.00375
0.430456 0.742956 0 0.955241
0.444544 0.742956 0 1.06617
0.46875 0.742956 0 1.02105
0.492956 0.742956 0 0.971408
0.507044 0.742956 0 1.05217
0.53125 0.742956 0 1.00745
0.555456 0.742956 0 0.958284
0.569544 0.742956 0 1.00632
0.59375 0.742956 0 0.963429
0.617956 0.742956 0 0.916299
0.632044 0.742956 0 0.930744
0.65625 0.742956 0 0.891003
0.680456 0.742956 0 0.847351
0.694544 0.742956 0 0.828352
0.71875 0.742956 0 0.792941
0.742956 0.742956 0 0.754063
0.757044 0.742956 0 0.705531
0.78125 0.742956 0 0.67535
0.805456 0.742956 0 0.642219
0.819544 0.742956 0 0.561666
0.84375 0.742956 0 0.537638
0.867956 0.742956 0 0.511261
0.882044 0.742956 0 0.427464
0.90625 0.742956 0 0.409216
0.930456 0.742956 0 0.389212
0.944544 0.742956 0 0.226516
0.96875 0.742956 0 0.213409
0.992956 0.742956 0 0.195017
0.00704385 0.757044 0 0.224542
0.03125 0.757044 0 0.209408
0.0554561 0.757044 0 0.19737
0.0695439 0.757044 0 0.400028
0.09375 0.757044 0 0.38166
0.117956 0.757044 0 0.363347
0.132044 0.757044 0 0.516236
0.15625 0.757044 0 0.489889
0.180456 0.757044 0 0.462763
0.194544 0.757044 0 0.64041
0.21875 0.757044 0 0.605793
0.242956 0.757044 0 0.569699
0.257044 0.757044 0 0.744794
0.28125 0.757044 0 0.703166
0.305456 0.757044 0 0.659817
0.319544 0.757044 0 0.831201
0.34375 0.757044 0 0.783783
0.367956 0.757044 0 0.734354
0.382044 0.757044 0 0.894072
0.40625 0.757044 0 0.842415
0.430456 0.757044 0 0.788595
0.444544 0.757044 0 0.93101
0.46875 0.757044 0 0.876787
0.492956 0.757044 0 0.820308
0.507044 0.757044 0 0.94012
0.53125 0.757044 0 0.88509
0.555456 0.757044 0 0.827793
0.569544 0.757044 0 0.920924
0.59375 0.757044 0 0.866851
0.617956 0.757044 0 0.810571
0.632044 0.757044 0 0.87409
0.65625 0.757044 0 0.822677
0.680456 0.757044 0 0.769182
0.694544 0.757044 0 0.801833
0.71875 0.757044 0 0.75463
0.742956 0.757044 0 0.705531
0.757044 0.757044 0 0.706538
0.78125 0.757044 0 0.664927
0.805456 0.757044 0 0.621641
0.819544 0.757044 0 0.595562
0.84375 0.757044 0 0.560469
0.867956 0.757044 0 0.52398
0.882044 0.757044 0 0.462857
0.90625 0.757044 0 0.43554
0.930456 0.757044 0 0.407053
0.944544 0.757044 0 0.356927
0.96875 0.757044 0 0.328649
0.992956 0.757044 0 0.290219
0.00704385 0.78125 0 0.333253
0.03125 0.78125 0 0.31023
0.0554561 0.78125 0 0.292079
0.0695439 0.78125 0 0.436807
0.09375 0.78125 0 0.415779
0.117956 0.78125 0 0.394828
0.132044 0.78125 0 0.568251
0.15625 0.78125 0 0.538471
0.180456 0.78125 0 0.507387
0.194544 0.78125 0 0.682142
0.21875 0.78125 0 0.644714
0.242956 0.78125 0 0.605793
0.257044 0.78125 0 0.780951
0.28125 0.78125 0 0.736903
0.305456 0.78125 0 0.690977
0.319544 0.78125 0 0.858414
0.34375 0.78125 0 0.809167
0.367956 0.78125 0 0.75785
0.382044 0.78125 0 0.9116
0.40625 0.78125 0 0.858744
0.430456 0.78125 0 0.803675
0.444544 0.78125 0 0.937894
0.46875 0.78125 0 0.883147
0.492956 0.78125 0 0.826134
0.507044 0.78125 0 0.936045
0.53125 0.78125 0 0.881177
0.555456 0.78125 0 0.824057
0.569544 0.78125 0 0.906007
0.59375 0.78125 0 0.852767
0.617956 0.78125 0 0.79736
0.632044 0.78125 0 0.848981
0.65625 0.78125 0 0.799024
0.680456 0.78125 0 0.74705
0.694544 0.78125 0 0.76755
0.71875 0.78125 0 0.722356
0.742956 0.78125 0 0.67535
0.757044 0.78125 0 0.664927
0.78125 0.78125 0 0.62576
0.805456 0.78125 0 0.585017
0.819544 0.78125 0 0.547439
0.84375 0.78125 0 0.515169
0.867956 0.78125 0 0.481608
0.882044 0.78125 0 0.414772
0.90625 0.78125 0 0.390264
0.930456 0.78125 0 0.364621
0.944544 0.78125 0 0.297158
0.96875 0.78125 0 0.273546
0.992956 0.78125 0 0.241341
0.00704385 0.805456 0 0.398487
0.03125 0.805456 0 0.369772
0.0554561 0.805456 0 0.347465
0.0695439 0.805456 0 0.484315
0.09375 0.805456 0 0.460066
0.117956 0.805456 0 0.435462
0.132044 0.805456 0 0.615236
0.15625 0.805456 0 0.582318
0.180456 0.805456 0 0.547901
0.194544 0.805456 0 0.722262
0.21875 0.805456 0 0.682142
0.242956 0.805456 0 0.64041
0.257044 0.805456 0 0.813709
0.28125 0.805456 0 0.767465
0.305456 0.805456 0 0.719244
0.319544 0.805456 0 0.882017
0.34375 0.805456 0 0.831177
0.367956 0.805456 0 0.778208
0.382044 0.805456 0 0.925058
0.40625 0.805456 0 0.871262
0.430456 0.805456 0 0.815222
0.444544 0.805456 0 0.940536
0.46875 0.805456 0 0.885532
0.492956 0.805456 0 0.82826
0.507044 0.805456 0 0.927719
0.53125 0.805456 0 0.873277
0.555456 0.805456 0 0.816609
0.569544 0.805456 0 0.887008
0.59375 0.805456 0 0.834851
0.617956 0.805456 0 0.780578
0.632044 0.805456 0 0.820231
0.65625 0.805456 0 0.77195
0.680456 0.805456 0 0.721727
0.694544 0.805456 0 0.729914
0.71875 0.805456 0 0.686929
0.742956 0.805456 0 0.642219
0.757044 0.805456 0 0.621641
0.78125 0.805456 0 0.585017
0.805456 0.805456 0 0.546927
0.819544 0.805456 0 0.494877
0.84375 0.805456 0 0.465685
0.867956 0.805456 0 0.435287
0.882044 0.805456 0 0.376788
0.90625 0.805456 0 0.354493
0.930456 0.805456 0 0.331056
0.944544 0.805456 0 0.199712
0.96875 0.805456 0 0.183816
0.992956 0.805456 0 0.162092
0.00704385 0.819544 0 0.201427
0.03125 0.819544 0 0.185605
0.0554561 0.819544 0 0.174028
0.0695439 0.819544 0 0.352561
0.09375 0.819544 0 0.331457
0.117956 0.819544 0 0.306769
0.132044 0.819544 0 0.446471
0.15625 0.819544 0 0.415366
0.180456 0.819544 0 0.380011
0.194544 0.819544 0 0.547901
0.21875 0.819544 0 0.507387
0.242956 0.819544 0 0.462763
0.257044 0.819544 0 0.633654
0.28125 0.819544 0 0.584935
0.305456 0.819544 0 0.531149
0.319544 0.819544 0 0.704514
0.34375 0.819544 0 0.649179
0.367956 0.819544 0 0.588388
0.382044 0.819544 0 0.756121
0.40625 0.819544 0 0.695985
0.430456 0.819544 0 0.630028
0.444544 0.819544 0 0.786242
0.46875 0.819544 0 0.723244
0.492956 0.819544 0 0.654256
0.507044 0.819544 0 0.793246
0.53125 0.819544 0 0.729407
0.555456 0.819544 0 0.659561
0.569544 0.819544 0 0.776646
0.59375 0.819544 0 0.713991
0.617956 0.819544 0 0.645482
0.632044 0.819544 0 0.736943
0.65625 0.819544 0 0.677425
0.680456 0.819544 0 0.612373
0.694544 0.819544 0 0.675949
0.71875 0.819544 0 0.621342
0.742956 0.819544 0 0.561666
0.757044 0.819544 0 0.595562
0.78125 0.819544 0 0.547439
0.805456 0.819544 0 0.494877
0.819544 0.819544 0 0.502
0.84375 0.819544 0 0.461388
0.867956 0.819544 0 0.416959
0.882044 0.819544 0 0.389866
0.90625 0.819544 0 0.358234
0.930456 0.819544 0 0.323796
0.944544 0.819544 0 0.299818
0.96875 0.819544 0 0.266479
0.992956 0.819544 0 0.220361
0.00704385 0.84375 0 0.29808
0.03125 0.84375 0 0.273778
0.0554561 0.84375 0 0.254909
0.0695439 0.84375 0 0.382448
0.09375 0.84375 0 0.357483
0.117956 0.84375 0 0.32737
0.132044 0.84375 0 0.488604
0.15625 0.84375 0 0.453729
0.180456 0.84375 0 0.415366
0.194544 0.84375 0 0.582318
0.21875 0.84375 0 0.538471
0.242956 0.84375 0 0.489889
0.257044 0.84375 0 0.663246
0.28125 0.84375 0 0.611753
0.305456 0.84375 0 0.5551
0.319544 0.84375 0 0.726881
0.34375 0.84375 0 0.669467
0.367956 0.84375 0 0.606414
0.382044 0.84375 0 0.770452
0.40625 0.84375 0 0.708969
0.430456 0.84375 0 0.641591
0.444544 0.84375 0 0.791751
0.46875 0.84375 0 0.728185
0.492956 0.84375 0 0.658601
0.507044 0.84375 0 0.78962
0.53125 0.84375 0 0.726
0.555456 0.84375 0 0.656414
0.569544 0.84375 0 0.763966
0.59375 0.84375 0 0.702299
0.617956 0.84375 0 0.634883
0.632044 0.84375 0 0.715731
0.65625 0.84375 0 0.657914
0.680456 0.84375 0 0.59473
0.694544 0.84375 0 0.647031
0.71875 0.84375 0 0.594759
0.742956 0.84375 0 0.537638
0.757044 0.84375 0 0.560469
0.78125 0.84375 0 0.515169
0.805456 0.84375 0 0.465685
0.819544 0.84375 0 0.461388
0.84375 0.84375 0 0.424029
0.867956 0.84375 0 0.38316
0.882044 0.84375 0 0.349121
0.90625 0.84375 0 0.320699
0.930456 0.84375 0 0.289899
0.944544 0.84375 0 0.249408
0.96875 0.84375 0 0.221526
0.992956 0.84375 0 0.183049
0.00704385 0.867956 0 0.354597
0.03125 0.867956 0 0.323806
0.0554561 0.867956 0 0.297679
0.0695439 0.867956 0 0.420783
0.09375 0.867956 0 0.391938
0.117956 0.867956 0 0.358086
0.132044 0.867956 0 0.52709
0.15625 0.867956 0 0.488604
0.180456 0.867956 0 0.446471
0.194544 0.867956 0 0.615236
0.21875 0.867956 0 0.568251
0.242956 0.867956 0 0.516236
0.257044 0.867956 0 0.690128
0.28125 0.867956 0 0.636129
0.305456 0.867956 0 0.5768
0.319544 0.867956 0 0.746247
0.34375 0.867956 0 0.687032
0.367956 0.867956 0 0.622047
0.382044 0.867956 0 0.781417
0.40625 0.867956 0 0.718889
0.430456 0.867956 0 0.650401
0.444544 0.867956 0 0.793725
0.46875 0.867956 0 0.729897
0.492956 0.867956 0 0.660051
0.507044 0.867956 0 0.782447
0.53125 0.867956 0 0.719349
0.555456 0.867956 0 0.65035
0.569544 0.867956 0 0.747869
0.59375 0.867956 0 0.687477
0.617956 0.867956 0 0.621466
0.632044 0.867956 0 0.691466
0.65625 0.867956 0 0.635605
0.680456 0.867956 0 0.57456
0.694544 0.867956 0 0.615282
0.71875 0.867956 0 0.56557
0.742956 0.867956 0 0.511261
0.757044 0.867956 0 0.52398
0.78125 0.867956 0 0.481608
0.805456 0.867956 0 0.435287
0.819544 0.867956 0 0.416959
0.84375 0.867956 0 0.38316
0.867956 0.867956 0 0.346268
0.882044 0.867956 0 0.316851
0.90625 0.867956 0 0.29089
0.930456 0.867956 0 0.262881
0.944544 0.867956 0 0.167542
0.96875 0.867956 0 0.148755
0.992956 0.867956 0 0.122865
0.00704385 0.882044 0 0.177581
0.03125 0.882044 0 0.166688
0.0554561 0.882044 0 0.162806
0.0695439 0.882044 0 0.291386
0.09375 0.882044 0 0.272882
0.117956 0.882044 0 0.26578
0.132044 0.882044 0 0.358086
0.15625 0.882044 0 0.32737
0.180456 0.882044 0 0.306769
0.194544 0.882044 0 0.435462
0.21875 0.882044 0 0.394828
0.242956 0.882044 0 0.363347
0.257044 0.882044 0 0.498188
0.28125 0.882044 0 0.448994
0.305456 0.882044 0 0.410673
0.319544 0.882044 0 0.551229
0.34375 0.882044 0 0.4955
0.367956 0.882044 0 0.451624
0.382044 0.882044 0 0.589749
0.40625 0.882044 0 0.529277
0.430456 0.882044 0 0.48156
0.444544 0.882044 0 0.612164
0.46875 0.882044 0 0.548917
0.492956 0.882044 0 0.498914
0.507044 0.882044 0 0.616967
0.53125 0.882044 0 0.552949
0.555456 0.882044 0 0.502303
0.569544 0.882044 0 0.603719
0.59375 0.882044 0 0.540946
0.617956 0.882044 0 0.491276
0.632044 0.882044 0 0.572729
0.65625 0.882044 0 0.51315
0.680456 0.882044 0 0.466021
0.694544 0.882044 0 0.5253
0.71875 0.882044 0 0.470663
0.742956 0.882044 0 0.427464
0.757044 0.882044 0 0.462857
0.78125 0.882044 0 0.414772
0.805456 0.882044 0 0.376788
0.819544 0.882044 0 0.389866
0.84375 0.882044 0 0.349121
0.867956 0.882044 0 0.316851
0.882044 0.882044 0 0.302849
0.90625 0.882044 0 0.2712
0.930456 0.882044 0 0.245884
0.944544 0.882044 0 0.232432
0.96875 0.882044 0 0.200179
0.992956 0.882044 0 0.162692
0.00704385 0.90625 0 0.261285
0.03125 0.90625 0 0.241764
0.0554561 0.90625 0 0.234409
0.0695439 0.90625 0 0.308233
0.09375 0.90625 0 0.284163
0.117956 0.90625 0 0.272882
0.132044 0.90625 0 0.391938
0.15625 0.90625 0 0.357483
0.180456 0.90625 0 0.331457
0.194544 0.90625 0 0.460066
0.21875 0.90625 0 0.415779
0.242956 0.90625 0 0.38166
0.257044 0.90625 0 0.520444
0.28125 0.90625 0 0.468543
0.305456 0.90625 0 0.42781
0.319544 0.90625 0 0.567881
0.34375 0.90625 0 0.510077
0.367956 0.90625 0 0.464548
0.382044 0.90625 0 0.600462
0.40625 0.90625 0 0.538685
0.430456 0.90625 0 0.489885
0.444544 0.90625 0 0.616153
0.46875 0.90625 0 0.552365
0.492956 0.90625 0 0.50192
0.507044 0.90625 0 0.613986
0.53125 0.90625 0 0.550213
0.555456 0.90625 0 0.499754
0.569544 0.90625 0 0.59379
0.59375 0.90625 0 0.532027
0.617956 0.90625 0 0.483159
0.632044 0.90625 0 0.556226
0.65625 0.90625 0 0.498367
0.680456 0.90625 0 0.452607
0.694544 0.90625 0 0.502832
0.71875 0.90625 0 0.450545
0.742956 0.90625 0 0.409216
0.757044 0.90625 0 0.43554
0.78125 0.90625 0 0.390264
0.805456 0.90625 0 0.354493
0.819544 0.90625 0 0.358234
0.84375 0.90625 0 0.320699
0.867956 0.90625 0 0.29089
0.882044 0.90625 0 0.2712
0.90625 0.90625 0 0.242621
0.930456 0.90625 0 0.219226
0.944544 0.90625 0 0.193038
0.96875 0.90625 0 0.164876
0.992956 0.90625 0 0.130729
0.00704385 0.930456 0 0.307635
0.03125 0.930456 0 0.277206
0.0554561 0.930456 0 0.265045
0.0695439 0.930456 0 0.336787
0.09375 0.930456 0 0.308233
0.117956 0.930456 0 0.291386
0.132044 0.930456 0 0.420783
0.15625 0.930456 0 0.382448
0.180456 0.930456 0 0.352561
0.194544 0.930456 0 0.484315
0.21875 0.930456 0 0.436807
0.242956 0.930456 0 0.400028
0.257044 0.930456 0 0.540535
0.28125 0.930456 0 0.486147
0.305456 0.930456 0 0.443334
0.319544 0.930456 0 0.582349
0.34375 0.930456 0 0.522772
0.367956 0.930456 0 0.475798
0.382044 0.930456 0 0.608609
0.40625 0.930456 0 0.545817
0.430456 0.930456 0 0.496185
0.444544 0.930456 0 0.617451
0.46875 0.930456 0 0.553429
0.492956 0.930456 0 0.502786
0.507044 0.930456 0 0.608285
0.53125 0.930456 0 0.545057
0.555456 0.930456 0 0.495027
0.569544 0.930456 0 0.581234
0.59375 0.930456 0 0.520769
0.617956 0.930456 0 0.472934
0.632044 0.930456 0 0.537361
0.65625 0.930456 0 0.481467
0.680456 0.930456 0 0.437269
0.694544 0.930456 0 0.478173
0.71875 0.930456 0 0.428478
0.742956 0.930456 0 0.389212
0.757044 0.930456 0 0.407053
0.78125 0.930456 0 0.364621
0.805456 0.930456 0 0.331056
0.819544 0.930456 0 0.323796
0.84375 0.930456 0 0.289899
0.867956 0.930456 0 0.262881
0.882044 0.930456 0 0.245884
0.90625 0.930456 0 0.219226
0.930456 0.930456 0 0.196324
0.944544 0.930456 0 0.129555
0.96875 0.930456 0 0.110125
0.992956 0.930456 0 0.0860518
0.00704385 0.944544 0 0.16068
0.03125 0.944544 0 0.143389
0.0554561 0.944544 0 0.100051
0.0695439 0.944544 0 0.265045
0.09375 0.944544 0 0.234409
0.117956 0.944544 0 0.162806
0.132044 0.944544 0 0.297679
0.15625 0.944544 0 0.254909
0.180456 0.944544 0 0.174028
0.194544 0.944544 0 0.347465
0.21875 0.944544 0 0.292079
0.242956 0.944544 0 0.19737
0.257044 0.944544 0 0.391316
0.28125 0.944544 0 0.327568
0.305456 0.944544 0 0.220831
0.319544 0.944544 0 0.429242
0.34375 0.944544 0 0.358234
0.367956 0.944544 0 0.241092
0.382044 0.944544 0 0.457132
0.40625 0.944544 0 0.381008
0.430456 0.944544 0 0.256228
0.444544 0.944544 0 0.473217
0.46875 0.944544 0 0.394091
0.492956 0.944544 0 0.264902
0.507044 0.944544 0 0.476191
0.53125 0.944544 0 0.396405
0.555456 0.944544 0 0.266395
0.569544 0.944544 0 0.465584
0.59375 0.944544 0 0.387505
0.617956 0.944544 0 0.260387
0.632044 0.944544 0 0.441565
0.65625 0.944544 0 0.367517
0.680456 0.944544 0 0.246957
0.694544 0.944544 0 0.404964
0.71875 0.944544 0 0.337081
0.742956 0.944544 0 0.226516
0.757044 0.944544 0 0.356927
0.78125 0.944544 0 0.297158
0.805456 0.944544 0 0.199712
0.819544 0.944544 0 0.299818
0.84375 0.944544 0 0.249408
0.867956 0.944544 0 0.167542
0.882044 0.944544 0 0.232432
0.90625 0.944544 0 0.193038
0.930456 0.944544 0 0.129555
0.944544 0.944544 0 0.169087
0.96875 0.944544 0 0.119159
0.992956 0.944544 0 0.0322409
0.00704385 0.96875 0 0.230769
0.03125 0.96875 0 0.205647
0.0554561 0.96875 0 0.143389
0.0695439 0.96875 0 0.277206
0.09375 0.96875 0 0.241764
0.117956 0.96875 0 0.166688
0.132044 0.96875 0 0.323806
0.15625 0.96875 0 0.273778
0.180456 0.96875 0 0.185605
0.194544 0.96875 0 0.369772
0.21875 0.96875 0 0.31023
0.242956 0.96875 0 0.209408
0.257044 0.96875 0 0.411209
0.28125 0.96875 0 0.343589
0.305456 0.96875 0 0.231391
0.319544 0.96875 0 0.444168
0.34375 0.96875 0 0.370433
0.367956 0.96875 0 0.249204
0.382044 0.96875 0 0.466232
0.40625 0.96875 0 0.388412
0.430456 0.96875 0 0.261137
0.444544 0.96875 0 0.475744
0.46875 0.96875 0 0.396106
0.492956 0.96875 0 0.266222
0.507044 0.96875 0 0.471861
0.53125 0.96875 0 0.392758
0.555456 0.96875 0 0.263928
0.569544 0.96875 0 0.454431
0.59375 0.96875 0 0.378219
0.617956 0.96875 0 0.254146
0.632044 0.96875 0 0.423963
0.65625 0.96875 0 0.35288
0.680456 0.96875 0 0.237127
0.694544 0.96875 0 0.381476
0.71875 0.96875 0 0.31756
0.742956 0.96875 0 0.213409
0.757044 0.96875 0 0.328649
0.78125 0.96875 0 0.273546
0.805456 0.96875 0 0.183816
0.819544 0.96875 0 0.266479
0.84375 0.96875 0 0.221526
0.867956 0.96875 0 0.148755
0.882044 0.96875 0 0.200179
0.90625 0.96875 0 0.164876
0.930456 0.96875 0 0.110125
0.944544 0.96875 0 0.119159
0.96875 0.96875 0 0.0830719
0.992956 0.96875 0 0.0223142
0.00704385 0.992956 0 0.259665
0.03125 0.992956 0 0.230769
0.0554561 0.992956 0 0.16068
0.0695439 0.992956 0 0.307635
0.09375 0.992956 0 0.261285
0.117956 0.992956 0 0.177581
0.132044 0.992956 0 0.354597
0.15625 0.992956 0 0.29808
0.180456 0.992956 0 0.201427
0.194544 0.992956 0 0.398487
0.21875 0.992956 0 0.333253
0.242956 0.992956 0 0.224542
0.257044 0.992956 0 0.434897
0.28125 0.992956 0 0.362875
0.305456 0.992956 0 0.244186
0.319544 0.992956 0 0.461093
0.34375 0.992956 0 0.384231
0.367956 0.992956 0 0.258365
0.382044 0.992956 0 0.475137
0.40625 0.992956 0 0.395654
0.430456 0.992956 0 0.265939
0.444544 0.992956 0 0.475933
0.46875 0.992956 0 0.396169
0.492956 0.992956 0 0.266229
0.507044 0.992956 0 0.463104
0.53125 0.992956 0 0.385435
0.555456 0.992956 0 0.258994
0.569544 0.992956 0 0.436927
0.59375 0.992956 0 0.363661
0.617956 0.992956 0 0.244368
0.632044 0.992956 0 0.398348
0.65625 0.992956 0 0.331578
0.680456 0.992956 0 0.222819
0.694544 0.992956 0 0.348491
0.71875 0.992956 0 0.290159
0.742956 0.992956 0 0.195017
0.757044 0.992956 0 0.290219
0.78125 0.992956 0 0.241341
0.805456 0.992956 0 0.162092
0.819544 0.992956 0 0.220361
0.84375 0.992956 0 0.183049
0.867956 0.992956 0 0.122865
0.882044 0.992956 0 0.162692
0.90625 0.992956 0 0.130729
0.930456 0.992956 0 0.0860518
0.944544 0.992956 0 0.0322409
0.96875 0.992956 0 0.0223142
0.992956 0.992956 0 0.00596424
