0.056350832689629142 0.056350832689629142 0 0.041808287248174154
0.056350832689629142 0.25 0 0.14741875849505193
0.056350832689629142 0.44364916731037085 0 0.1940617263797364
0.056350832689629142 0.55635083268962915 0 0.19406172641620834
0.056350832689629142 0.75 0 0.14741875859730558
0.056350832689629142 0.94364916731037085 0 0.041808287323948985
0.056350832689629142 1.0563508326896291 0 -0.041808287223269978
0.056350832689629142 1.25 0 -0.14741875851158256
0.056350832689629142 1.4436491673103709 0 -0.19406172636434924
0.056350832689629149 1.5563508326896291 0 -0.19406172635437666
0.056350832689629142 1.75 0 -0.14741875849772498
0.056350832689629142 1.9436491673103709 0 -0.041808287252600294
0.25 0.056350832689629142 0 0.14741875848275313
0.25 0.25 0 0.51980819556007951
0.25 0.44364916731037085 0 0.68427435451739638
0.25 0.55635083268962915 0 0.68427435462335573
0.25 0.75 0 0.51980819585825933
0.25 0.94364916731037085 0 0.14741875870683599
0.25 1.0563508326896291 0 -0.14741875840418775
0.25 1.25 0 -0.51980819559943003
0.25 1.4436491673103709 0 -0.68427435446374241
0.25 1.5563508326896291 0 -0.68427435443551976
0.25 1.75 0 -0.51980819556215574
0.25 1.9436491673103709 0 -0.14741875849408881
0.44364916731037085 0.056350832689629149 0 0.1940617263360857
0.44364916731037085 0.25 0 0.6842743544205685
0.44364916731037085 0.44364916731037085 0 0.90077724082394994
0.44364916731037085 0.55635083268962915 0 0.90077724091287659
0.44364916731037085 0.75 0 0.68427435467382547
0.44364916731037085 0.94364916731037096 0 0.19406172653482506
0.44364916731037085 1.0563508326896291 0 -0.19406172625331194
0.44364916731037085 1.25 0 -0.68427435443008566
0.44364916731037085 1.4436491673103709 0 -0.90077724075466392
0.44364916731037096 1.5563508326896294 0 -0.9007772407330108
0.44364916731037085 1.75 0 -0.68427435440689255
0.44364916731037085 1.9436491673103711 0 -0.19406172634147129
0.55635083268962915 0.056350832689629135 0 0.19406172634807395
0.55635083268962915 0.25 0 0.68427435444042606
0.55635083268962915 0.44364916731037085 0 0.90077724080004473
0.55635083268962915 0.55635083268962904 0 0.90077724084463229
0.55635083268962915 0.74999999999999989 0 0.68427435457165942
0.55635083268962915 0.94364916731037085 0 0.19406172646281022
0.55635083268962915 1.0563508326896291 0 -0.19406172628277962
0.55635083268962915 1.25 0 -0.68427435441204387
0.55635083268962915 1.4436491673103709 0 -0.90077724073124099
0.55635083268962926 1.5563508326896291 0 -0.90077724072336618
0.55635083268962915 1.75 0 -0.68427435441212203
0.55635083268962915 1.9436491673103709 0 -0.19406172634505375
0.75 0.056350832689629142 0 0.14741875851501593
0.75 0.25 0 0.51980819561598357
0.75 0.44364916731037085 0 0.68427435446180596
0.74999999999999989 0.55635083268962915 0 0.68427435445342688
0.75 0.75 0 0.51980819560143599
0.75 0.94364916731037085 0 0.14741875852935304
0.74999999999999989 1.0563508326896291 0 -0.14741875847074351
0.75 1.25 0 -0.51980819554364022
0.75 1.4436491673103709 0 -0.68427435439747364
0.75000000000000011 1.5563508326896291 0 -0.68427435440796902
0.75 1.75 0 -0.51980819557627989
0.75 1.9436491673103709 0 -0.1474187585039555
0.94364916731037085 0.056350832689629135 0 0.041808287268297925
0.94364916731037085 0.25 0 0.14741875853712844
0.94364916731037085 0.44364916731037085 0 0.19406172637064015
0.94364916731037074 0.55635083268962915 0 0.19406172635038521
0.94364916731037085 0.75 0 0.14741875849014152
0.94364916731037085 0.94364916731037085 0 0.041808287260999638
0.94364916731037074 1.0563508326896291 0 -0.041808287227491241
0.94364916731037085 1.25 0 -0.14741875845561664
0.94364916731037085 1.4436491673103709 0 -0.19406172631355856
0.94364916731037107 1.5563508326896291 0 -0.19406172633252494
0.94364916731037085 1.75 0 -0.14741875850668323
0.94364916731037085 1.9436491673103706 0 -0.041808287259414267
1.0563508326896291 0.056350832689629135 0 -0.041808287247718054
1.0563508326896291 0.25 0 -0.14741875848053171
1.0563508326896291 0.44364916731037085 0 -0.19406172633179217
1.0563508326896291 0.55635083268962904 0 -0.19406172634208396
1.0563508326896291 0.74999999999999989 0 -0.14741875849994279
1.0563508326896291 0.94364916731037085 0 -0.041808287235584767
1.0563508326896291 1.0563508326896291 0 0.041808287293216076
1.0563508326896291 1.25 0 0.14741875855252851
1.0563508326896291 1.4436491673103709 0 0.19406172638324526
1.0563508326896294 1.5563508326896291 0 0.19406172636371288
1.0563508326896291 1.75 0 0.14741875849737934
1.0563508326896291 1.9436491673103709 0 0.041808287251258618
1.25 0.056350832689629142 0 -0.1474187585023945
1.25 0.25 0 -0.51980819557382119
1.25 0.44364916731037085 0 -0.68427435441153206
1.25 0.55635083268962915 0 -0.68427435440683237
1.25 0.75 0 -0.51980819555326174
1.25 0.94364916731037085 0 -0.14741875846642705
1.25 1.0563508326896291 0 0.14741875854653608
1.25 1.25 0 0.51980819562172553
1.25 1.4436491673103709 0 0.6842743544489287
1.2500000000000002 1.5563508326896291 0 0.68427435443297313
1.25 1.75 0 0.5198081955730276
1.25 1.9436491673103709 0 0.14741875849931332
1.4436491673103709 0.056350832689629135 0 -0.19406172635347216
1.4436491673103709 0.25 0 -0.68427435443094631
1.4436491673103709 0.44364916731037085 0 -0.90077724072390009
1.4436491673103709 0.55635083268962915 0 -0.90077724071133247
1.4436491673103709 0.75 0 -0.68427435439221485
1.4436491673103709 0.94364916731037085 0 -0.19406172631495039
1.4436491673103709 1.0563508326896291 0 0.19406172638136798
1.4436491673103709 1.25 0 0.6842743544475014
1.4436491673103709 1.4436491673103709 0 0.90077724074141541
1.4436491673103711 1.5563508326896291 0 0.90077724073436849
1.4436491673103709 1.75 0 0.68427435442257134
1.4436491673103709 1.9436491673103706 0 0.19406172634836696
1.5563508326896291 0.056350832689629149 0 -0.19406172635516572
1.5563508326896291 0.25 0 -0.68427435443614881
1.5563508326896291 0.44364916731037085 0 -0.90077724072903087
1.5563508326896291 0.55635083268962926 0 -0.90077724071510723
1.5563508326896291 0.75000000000000011 0 -0.68427435439649076
1.5563508326896291 0.94364916731037096 0 -0.19406172632403221
1.5563508326896291 1.0563508326896294 0 0.19406172636804303
1.5563508326896291 1.2500000000000002 0 0.68427435443256435
1.5563508326896291 1.4436491673103711 0 0.90077724073320908
1.5563508326896294 1.5563508326896294 0 0.90077724073318866
1.5563508326896291 1.75 0 0.68427435442766482
1.5563508326896291 1.9436491673103711 0 0.19406172635081298
1.75 0.056350832689629142 0 -0.14741875850892069
1.75 0.25 0 -0.51980819559308755
1.75 0.4436491673103708 0 -0.68427435442853191
1.75 0.55635083268962915 0 -0.6842743544169515
1.75 0.75 0 -0.51980819556254376
1.75 0.94364916731037085 0 -0.14741875849168604
1.75 1.0563508326896291 0 0.14741875850611055
1.75 1.25 0 0.51980819557369817
1.75 1.4436491673103709 0 0.68427435442070172
1.75 1.5563508326896291 0 0.68427435442658435
1.75 1.75 0 0.51980819558681168
1.75 1.9436491673103709 0 0.14741875850633879
1.9436491673103709 0.056350832689629142 0 -0.041808287257547171
1.9436491673103709 0.25 0 -0.14741875850795319
1.9436491673103709 0.44364916731037085 0 -0.19406172635173197
1.9436491673103709 0.55635083268962915 0 -0.19406172634827998
1.9436491673103709 0.75 0 -0.14741875849922104
1.9436491673103709 0.94364916731037085 0 -0.041808287253732132
1.9436491673103709 1.0563508326896291 0 0.041808287254644687
1.9436491673103709 1.25 0 0.1474187584996676
1.9436491673103709 1.4436491673103709 0 0.19406172634767144
1.9436491673103709 1.5563508326896291 0 0.19406172635032592
1.9436491673103709 1.75 0 0.14741875850620156
1.9436491673103709 1.9436491673103709 0 0.041808287256936118
