-0.99880800368447253 8.8130418472374681e-19 0 0.00047769266746170141
-0.99227202516052393 0.069795197055057753 0 0.0022737337137986764
-0.98065068515563447 0.14087437253729873 0 0.0043115967762399673
-0.97143673502598948 0.18263343337494417 0 0.0054949812239430303
-0.95124618205515643 0.25467866158437741 0 0.0074184144791275978
-0.92541773360769308 0.32657219174068758 0 0.0090202201457371435
-0.9077593547992262 0.36808974245995102 0 0.0097994981680453851
-0.87291026169815689 0.43841610293098304 0 0.010927455856616404
-0.83244859842668273 0.50687823205019111 0 0.011827342252075445
-0.80638954928936724 0.5455950235444601 0 0.012292910267968249
-0.75748948349269063 0.60973193166248607 0 0.012765484627124398
-0.70369431969237917 0.6703092452849001 0 0.012972354147910677
-0.67030924528489999 0.70369431969237928 0 0.013098890780371377
-0.60973193166248596 0.75748948349269052 0 0.012848337201342694
-0.54559502354445988 0.80638954928936724 0 0.012328930148314756
-0.506878232050191 0.83244859842668284 0 0.012094997216643774
-0.43841610293098299 0.87291026169815689 0 0.011143992102911953
-0.3680897424599508 0.9077593547992262 0 0.0099566850038618326
-0.32657219174068741 0.92541773360769297 0 0.0093487264527836039
-0.25467866158437735 0.95124618205515654 0 0.0076735306914164818
-0.182633433374944 0.97143673502598937 0 0.0056571420860376731
-0.14087437253729865 0.98065068515563447 0 0.0044562600110543546
-0.069795197055057726 0.99227202516052393 0 0.0023426842245583323
8.240194127167033e-17 0.99880800368447265 0 0.00049196059941117667
-0.99227202516052371 -0.069795197055057753 0 0.0019971413496886049
-0.976660967024921 -1.4773069748216916e-17 0 0.0094249141240762124
-0.95633414782547255 0.070829527395004324 0 0.017730539322830079
-0.94227595053553614 0.11235839105116345 0 0.022845232549771416
-0.9142280769052874 0.18392573696559567 0 0.030819419333210789
-0.88122768029588894 0.25533124014386771 0 0.037607546727259328
-0.85974895660618056 0.29660800262837406 0 0.041066222256395425
-0.81899425240900181 0.3666839159353435 0 0.046004891601510951
-0.77350256297366993 0.43521887053938985 0 0.049881238619341531
-0.74492920324291878 0.4741806644455635 0 0.051816540212518164
-0.69241617918051745 0.53917548357663991 0 0.053848204681546316
-0.63587378152186202 0.60126553172239694 0 0.054700892084120392
-0.60126553172239683 0.63587378152186214 0 0.055007546795102315
-0.53917548357663991 0.69241617918051757 0 0.053929209988794316
-0.47418066444556339 0.74492920324291889 0 0.051672546075024348
-0.43521887053938979 0.77350256297367004 0 0.050300504256892857
-0.3666839159353435 0.81899425240900192 0 0.046215841161399096
-0.29660800262837389 0.85974895660618056 0 0.041073543110293868
-0.25533124014386754 0.88122768029588872 0 0.038039905899089017
-0.18392573696559564 0.9142280769052874 0 0.031071038613608212
-0.11235839105116335 0.94227595053553626 0 0.022924311459677056
-0.070829527395004269 0.95633414782547255 0 0.017852014495737756
7.3865348741084582e-18 0.97666096702492122 0 0.0094985807821471903
0.069795197055057823 0.99227202516052393 0 0.0020270102937595012
-0.98065068515563436 -0.14087437253729879 0 0.0033067298668680674
-0.95633414782547232 -0.070829527395004394 0 0.015463136310632316
-0.92779400622196362 -3.8241133796047752e-17 0 0.028844145889620348
-0.90922117443470685 0.041442717466483966 0 0.037249251783274651
-0.87393167626167734 0.11277268027404634 0 0.050304895051031986
-0.83440483946924582 0.18391222598414125 0 0.061789604236505785
-0.80948034503010091 0.22506333614595242 0 0.067863868709923128
-0.76343783080933436 0.29505091479957124 0 0.076543038015278037
-0.71347467871584114 0.3637599243533336 0 0.083295528236410843
-0.68267456231556667 0.40299037765043755 0 0.086556776104378605
-0.62696522001240418 0.46881186493747307 0 0.090103521596601802
-0.56798440247947701 0.53228118305786798 0 0.091585008990582376
-0.53228118305786798 0.56798440247947712 0 0.09187972834217091
-0.46881186493747307 0.62696522001240418 0 0.090058798472641477
-0.40299037765043733 0.68267456231556678 0 0.086179923423723062
-0.36375992435333354 0.71347467871584125 0 0.083464824901811799
-0.29505091479957124 0.76343783080933436 0 0.076428309284298793
-0.22506333614595234 0.80948034503010091 0 0.067497014972966438
-0.18391222598414114 0.83440483946924593 0 0.061858344421637963
-0.11277268027404634 0.87393167626167734 0 0.050197208743258039
-0.041442717466483869 0.90922117443470662 0 0.0370277671361217
8.4130494351305055e-17 0.92779400622196373 0 0.028752742372110594
0.070829527395004338 0.95633414782547244 0 0.015469981800243702
0.14087437253729884 0.98065068515563447 0 0.0033487213868303128
-0.9714367350259896 -0.1826334333749442 0 0.0038998897340034935
-0.94227595053553614 -0.11235839105116351 0 0.018396508899521102
-0.90922117443470674 -0.041442717466484029 0 0.034352460204111777
-0.88818915540755949 -2.6701207825874175e-17 0 0.043943774898900591
-0.84898723246549923 0.071275832337050399 0 0.059601690684790556
-0.80596722880268257 0.14233789089428067 0 0.073693483570189275
-0.77921047432404378 0.18345542049312147 0 0.081053617631181185
-0.73037133043391533 0.25344546450067634 0 0.091929613040058811
-0.67805594664847324 0.3222853860303368 0 0.10038346212794273
-0.64608775960335674 0.36167527594728882 0 0.10416117603770578
-0.58870334298570959 0.42795408787326228 0 0.10863159043203512
-0.5284420509635338 0.4921605976302677 0 0.11054823807491032
-0.49216059763026765 0.52844205096353392 0 0.11058845400481113
-0.42795408787326228 0.5887033429857097 0 0.10842904901086287
-0.36167527594728877 0.64608775960335685 0 0.1037326103951246
-0.3222853860303368 0.67805594664847335 0 0.10007751256462227
-0.25344546450067634 0.73037133043391533 0 0.091433759474248755
-0.18345542049312133 0.77921047432404367 0 0.080428341606825701
-0.14233789089428056 0.80596722880268246 0 0.073328675367932181
-0.071275832337050385 0.84898723246549912 0 0.059158877862889529
9.660982467907202e-17 0.88818915540755961 0 0.043491570053483669
0.041442717466484078 0.90922117443470696 0 0.03423139583380163
0.11235839105116348 0.94227595053553614 0 0.018405097756766825
0.18263343337494425 0.97143673502598937 0 0.0039502225302521857
-0.95124618205515665 -0.25467866158437741 0 0.0050168445561710844
-0.9142280769052874 -0.18392573696559564 0 0.023350363982483208
-0.87393167626167745 -0.1127726802740464 0 0.043090674913278053
-0.84898723246549923 -0.07127583233705044 0 0.054939748894984201
-0.80360665106105222 -1.18830327028285e-17 0 0.074291969520698317
-0.75511643031620579 0.07101529690994289 0 0.092064270251449698
-0.72550729179165807 0.11211859678872015 0 0.10159793825496653
-0.67233570983317048 0.18216841205712883 0 0.11561397662121758
-0.61639432236069547 0.251254439122096 0 0.12652784438013126
-0.58263048837290687 0.29091006835690114 0 0.1314701111173093
-0.5226741288508463 0.35791765595853736 0 0.13727099548547134
-0.46044481988194225 0.42327125051012454 0 0.13976755228435064
-0.42327125051012443 0.46044481988194236 0 0.13982809611871075
-0.35791765595853742 0.52267412885084641 0 0.13706359160888804
-0.29091006835690114 0.58263048837290699 0 0.13100770740875392
-0.251254439122096 0.61639432236069547 0 0.1262436485851457
-0.18216841205712889 0.67233570983317037 0 0.11511649836851219
-0.11211859678872003 0.72550729179165796 0 0.10095100538768759
-0.071015296909942807 0.7551164303162059 0 0.091794226604457463
1.584404360377133e-17 0.803606651061052 0 0.073914604585722091
0.071275832337050496 0.84898723246549923 0 0.054517871165679715
0.11277268027404642 0.87393167626167745 0 0.04312181258959704
0.18392573696559558 0.9142280769052874 0 0.023514942030284081
0.25467866158437741 0.95124618205515621 0 0.0051283645272034691
-0.92541773360769353 -0.32657219174068769 0 0.0061631530253754745
-0.88122768029588883 -0.25533124014386771 0 0.028229731183850647
-0.83440483946924604 -0.18391222598414134 0 0.051353440820121873
-0.80596722880268268 -0.14233789089428073 0 0.065095773930408191
-0.75511643031620579 -0.071015296909942904 0 0.08744818498653395
-0.70182985851961244 -8.0223023913012739e-18 0 0.10810562178715327
-0.66973675261659305 0.041111696422799215 0 0.11930591569972747
-0.61281395417715168 0.11124333219960128 0 0.13575919863111302
-0.55375194171009556 0.18056418990509907 0 0.14865119848534256
-0.51844841874173164 0.22045805518726394 0 0.15456561675589117
-0.45629171384912304 0.28810196423755813 0 0.16148762032925923
-0.39238008141343944 0.35444264107171625 0 0.16447157667225201
-0.35444264107171608 0.3923800814134395 0 0.16454659291112803
-0.28810196423755813 0.45629171384912309 0 0.16127446673038809
-0.22045805518726386 0.51844841874173164 0 0.15407550394303327
-0.18056418990509898 0.55375194171009556 0 0.14838925870814973
-0.11124333219960131 0.61281395417715168 0 0.13526389127739669
-0.041111696422799146 0.66973675261659316 0 0.1186437393643287
8.0223023913012717e-17 0.70182985851961233 0 0.10793424910617014
0.07101529690994289 0.75511643031620568 0 0.087150808936251462
0.14233789089428073 0.80596722880268268 0 0.064737097017629738
0.18391222598414134 0.83440483946924593 0 0.051544643149166507
0.25533124014386765 0.88122768029588883 0 0.028564770720743017
0.32657219174068758 0.92541773360769308 0 0.0063420392702941922
-0.90775935479922643 -0.36808974245995107 0 0.0068335129039679195
-0.85974895660618056 -0.29660800262837406 0 0.031055366408933544
-0.80948034503010113 -0.22506333614595256 0 0.056022014272070812
-0.77921047432404389 -0.1834554204931215 0 0.070479083527070233
-0.72550729179165796 -0.11211859678872016 0 0.094324934185410964
-0.66973675261659293 -0.041111696422799236 0 0.11636365025000282
-0.63636352836681664 -8.060878436071631e-18 0 0.12819480803877559
-0.57751574647223969 0.070166848093775255 0 0.14580027656367442
-0.51685997760842628 0.13960156431233794 0 0.15966901786275006
-0.48077272025301954 0.17961353822797987 0 0.1659652290766872
-0.41749912306947029 0.24757587453180305 0 0.17347813484341928
-0.35273628763328924 0.31441332520186088 0 0.17673521422309443
-0.31441332520186072 0.3527362876332894 0 0.17668397453305357
-0.24757587453180305 0.41749912306947029 0 0.17319657238459843
-0.17961353822797979 0.4807727202530197 0 0.16546371568448251
-0.13960156431233792 0.51685997760842628 0 0.15911754845287757
-0.070166848093775283 0.57751574647223958 0 0.14509110932978392
7.3051710826899136e-17 0.63636352836681653 0 0.12739120982257518
0.041111696422799292 0.66973675261659293 0 0.1156978907995295
0.11211859678872015 0.72550729179165796 0 0.093649867398681849
0.1834554204931215 0.77921047432404389 0 0.069859770529870788
0.2250633361459525 0.80948034503010091 0 0.055709820179292338
0.296608002628374 0.85974895660618056 0 0.031001482670436176
0.36808974245995096 0.90775935479922598 0 0.0068978344687578201
-0.872910261698157 -0.4384161029309831 0 0.007799479218113501
-0.81899425240900203 -0.36668391593534372 0 0.03506991479660633
-0.76343783080933469 -0.29505091479957141 0 0.062653056056731368
-0.73037133043391556 -0.25344546450067645 0 0.078512299150670053
-0.67233570983317048 -0.18216841205712886 0 0.1044593741038034
-0.61281395417715179 -0.11124333219960132 0 0.12840200569654109
-0.57751574647223969 -0.070166848093775297 0 0.14129060220954145
-0.51578456481512736 -2.0254826685908949e-17 0 0.1604539208604453
-0.45275312362579678 0.069560824089247172 0 0.17563853433467908
-0.41550230171929575 0.10972694260117805 0 0.18260609433379457
-0.35057778030967113 0.17813126415708286 0 0.19090354492262376
-0.28456581235971701 0.24568188435647501 0 0.19450855253388294
-0.24568188435647489 0.28456581235971712 0 0.19447034893576498
-0.17813126415708283 0.35057778030967124 0 0.19064385296539674
-0.10972694260117795 0.41550230171929586 0 0.18213344156505151
-0.069560824089247117 0.45275312362579678 0 0.1751592901316126
0 0.51578456481512736 0 0.15981439541182538
0.070166848093775352 0.57751574647223969 0 0.14054689426467165
0.11124333219960135 0.61281395417715168 0 0.1278791436697819
0.18216841205712883 0.67233570983317037 0 0.10390476474612567
0.25344546450067645 0.73037133043391556 0 0.07798869154411725
0.29505091479957135 0.76343783080933458 0 0.062558897262229102
0.36668391593534355 0.81899425240900203 0 0.035198793399751863
0.43841610293098315 0.87291026169815678 0 0.0079215346408918457
-0.83244859842668284 -0.50687823205019122 0 0.0085337436486733181
-0.77350256297367026 -0.4352188705393899 0 0.038126148941141108
-0.71347467871584125 -0.36375992435333365 0 0.067751635120559789
-0.67805594664847346 -0.32228538603033696 0 0.084745839081636631
-0.61639432236069569 -0.25125443912209605 0 0.11236702159450927
-0.55375194171009567 -0.18056418990509912 0 0.13777669511979779
-0.5168599776084265 -0.139601564312338 0 0.1514602671297002
-0.45275312362579673 -0.069560824089247214 0 0.17177540605121036
-0.38777805986815433 -2.4363229782956013e-17 0 0.18791535100245751
-0.34958190710084952 0.040241620717995322 0 0.19536191584034876
-0.28332848291631435 0.10893495437946894 0 0.20422374237369167
-0.21632917030735901 0.17701254800572852 0 0.20808632134066468
-0.17701254800572841 0.21632917030735913 0 0.20806473607409834
-0.10893495437946894 0.28332848291631441 0 0.20401474313753112
-0.040241620717995252 0.34958190710084974 0 0.19497151628518858
8.1210765943186703e-17 0.38777805986815439 0 0.18756928424244851
0.0695608240892472 0.45275312362579673 0 0.17128583057670541
0.13960156431233806 0.5168599776084265 0 0.15087240170224125
0.18056418990509912 0.55375194171009567 0 0.13749843837936956
0.25125443912209605 0.61639432236069569 0 0.11203515134628834
0.32228538603033696 0.67805594664847346 0 0.084408230790545727
0.36375992435333365 0.71347467871584125 0 0.067921099678476968
0.4352188705393899 0.77350256297367026 0 0.038445351551876311
0.50687823205019122 0.83244859842668262 0 0.0087053903670040438
-0.80638954928936746 -0.5455950235444601 0 0.0088917669228752386
-0.744929203242919 -0.4741806644455635 0 0.039618702628300709
-0.68267456231556678 -0.40299037765043755 0 0.070231334472767235
-0.64608775960335696 -0.36167527594728888 0 0.087518386775407353
-0.58263048837290699 -0.29091006835690114 0 0.11596636008124299
-0.51844841874173164 -0.22045805518726397 0 0.14207558692516517
-0.48077272025301954 -0.17961353822797985 0 0.15598446061841381
-0.4155023017192957 -0.10972694260117806 0 0.17681495458331736
-0.34958190710084958 -0.040241620717995363 0 0.19337211718653277
-0.3109297129429256 -1.4982393922534322e-17 0 0.20097548032488596
-0.24404311176241403 0.068781962343385961 0 0.2100804306882772
-0.17658594876924052 0.13707655557717166 0 0.21406150847257244
-0.13707655557717155 0.17658594876924066 0 0.2140184922373454
-0.068781962343385947 0.24404311176241408 0 0.20989575688433751
8.8624669134991173e-17 0.31092971294292571 0 0.20065558255849522
0.040241620717995419 0.34958190710084952 0 0.19298026631099427
0.10972694260117805 0.4155023017192957 0 0.17633400067440733
0.1796135382279799 0.48077272025301959 0 0.15545698483106896
0.22045805518726402 0.51844841874173164 0 0.14154711052982411
0.29091006835690114 0.58263048837290687 0 0.11546180332232023
0.36167527594728899 0.64608775960335696 0 0.08707779421006473
0.40299037765043755 0.68267456231556678 0 0.069869347085422542
0.4741806644455635 0.74492920324291889 0 0.039462088090984143
0.54559502354446021 0.80638954928936735 0 0.0088980220636587243
-0.75748948349269063 -0.60973193166248607 0 0.0092530230193273132
-0.69241617918051757 -0.53917548357663991 0 0.041147591595135306
-0.62696522001240429 -0.46881186493747323 0 0.072849004405443701
-0.5887033429857097 -0.42795408787326222 0 0.090796209514149531
-0.5226741288508463 -0.35791765595853742 0 0.12016312739165018
-0.45629171384912304 -0.28810196423755807 0 0.14704602693920618
-0.41749912306947029 -0.2475758745318031 0 0.16138001977006999
-0.35057778030967102 -0.17813126415708286 0 0.18278907630856051
-0.28332848291631435 -0.10893495437946898 0 0.1998185747887245
-0.24404311176241406 -0.068781962343385988 0 0.20766064331114434
-0.17629540305880695 0 0 0.21704676941978943
-0.10824569623547721 0.068506545237104866 0 0.22116866907037119
-0.068506545237104741 0.10824569623547733 0 0.22114426764855064
1.6258158743889517e-17 0.176295403058807 0 0.21693944862868364
0.068781962343386058 0.24404311176241408 0 0.20747320240120221
0.10893495437946901 0.28332848291631441 0 0.1996102161911274
0.17813126415708283 0.35057778030967102 0 0.18252465918730901
0.2475758745318031 0.41749912306947035 0 0.16108417299648534
0.28810196423755813 0.45629171384912304 0 0.14682523727447275
0.35791765595853742 0.5226741288508463 0 0.11994100979418726
0.42795408787326228 0.5887033429857097 0 0.090590821699884874
0.46881186493747323 0.62696522001240429 0 0.072811344715556767
0.53917548357663991 0.69241617918051745 0 0.041200829519034629
0.60973193166248629 0.75748948349269063 0 0.0093036457591894328
-0.70369431969237939 -0.6703092452849001 0 0.0094091843726535271
-0.63587378152186225 -0.60126553172239694 0 0.041782259272243008
-0.56798440247947712 -0.53228118305786831 0 0.073927568469902491
-0.52844205096353403 -0.49216059763026787 0 0.092187910140283921
-0.46044481988194236 -0.42327125051012449 0 0.12194833325778935
-0.39238008141343944 -0.3544426410717163 0 0.14916385682018013
-0.35273628763328935 -0.31441332520186094 0 0.16369886929719482
-0.28456581235971695 -0.24568188435647506 0 0.18536591449228718
-0.21632917030735893 -0.17701254800572858 0 0.20261295630187803
-0.17658594876924052 -0.13707655557717169 0 0.21057161792073234
-0.10824569623547721 -0.068506545237104852 0 0.22009949081890462
-0.039840624427188227 0 0 0.22430199350878841
1.0568244704004579e-16 0.039840624427188345 0 0.22429639114692693
0.068506545237104879 0.10824569623547724 0 0.22007475222858888
0.13707655557717177 0.17658594876924064 0 0.21052693204419712
0.1770125480057286 0.21632917030735904 0 0.2025991132825094
0.24568188435647503 0.28456581235971695 0 0.18533062447071932
0.31441332520186094 0.35273628763328929 0 0.16364522960762312
0.35444264107171636 0.39238008141343955 0 0.14925850794410395
0.42327125051012454 0.4604448198819423 0 0.12201396862130337
0.49216059763026804 0.52844205096353403 0 0.092225434152781935
0.53228118305786831 0.56798440247947724 0 0.074212227768591002
0.60126553172239694 0.63587378152186202 0 0.042041562283737247
0.67030924528490032 0.70369431969237939 0 0.0095009699909111393
-0.67030924528489999 -0.70369431969237928 0 0.0095010354985631887
-0.60126553172239694 -0.63587378152186225 0 0.042042165946241439
-0.53228118305786809 -0.56798440247947724 0 0.074214013702382051
-0.49216059763026782 -0.52844205096353414 0 0.092228109438042105
-0.42327125051012443 -0.46044481988194247 0 0.12201754215271164
-0.35444264107171614 -0.39238008141343961 0 0.14926199242994409
-0.31441332520186083 -0.35273628763328957 0 0.16364825794062632
-0.24568188435647484 -0.28456581235971723 0 0.1853327852226434
-0.17701254800572838 -0.21632917030735915 0 0.20260040454548253
-0.13707655557717152 -0.17658594876924069 0 0.21052773439719735
-0.068506545237104741 -0.10824569623547732 0 0.22007496254207518
1.0085560450696678e-16 -0.039840624427188318 0 0.22429636081264798
0.039840624427188449 5.3349312207715423e-18 0 0.22430195510576592
0.10824569623547733 0.068506545237104768 0 0.22009921492740431
0.17658594876924077 0.1370765555771716 0 0.21057075737159381
0.21632917030735918 0.17701254800572849 0 0.20261160897482075
0.28456581235971717 0.24568188435647484 0 0.18536368217513405
0.35273628763328951 0.31441332520186083 0 0.16369572005525609
0.39238008141343966 0.35444264107171614 0 0.14916022502486936
0.46044481988194247 0.42327125051012443 0 0.12194493201901181
0.52844205096353414 0.49216059763026776 0 0.09218621710956304
0.56798440247947724 0.53228118305786809 0 0.07392737982517511
0.63587378152186225 0.60126553172239694 0 0.041783387298738477
0.70369431969237939 0.6703092452849001 0 0.0094096805721905034
-0.60973193166248585 -0.75748948349269052 0 0.0093044747759595293
-0.53917548357663991 -0.69241617918051757 0 0.041203750610958753
-0.46881186493747329 -0.6269652200124044 0 0.072815234110626376
-0.42795408787326217 -0.58870334298570981 0 0.090594790667045663
-0.35791765595853742 -0.52267412885084641 0 0.11994479145846496
-0.28810196423755802 -0.45629171384912309 0 0.14682849212096499
-0.24757587453180299 -0.4174991230694704 0 0.16108698376925853
-0.17813126415708272 -0.35057778030967124 0 0.18252666436148796
-0.10893495437946886 -0.28332848291631446 0 0.1996114008216387
-0.068781962343385933 -0.24404311176241411 0 0.20747391904757662
3.2516317487779035e-17 -0.176295403058807 0 0.21693959248583683
0.068506545237104893 -0.10824569623547724 0 0.22114416598489228
0.10824569623547735 -0.068506545237104782 0 0.2211685486732915
0.17629540305880703 -1.2193619057917136e-17 0 0.21704642754769696
0.24404311176241419 0.068781962343386002 0 0.2076597832461104
0.28332848291631446 0.10893495437946897 0 0.19981728299273827
0.35057778030967113 0.17813126415708272 0 0.18278691994494622
0.41749912306947046 0.24757587453180308 0 0.16137685896186207
0.45629171384912309 0.28810196423755807 0 0.14704230847692681
0.52267412885084641 0.35791765595853742 0 0.12015983568272633
0.5887033429857097 0.42795408787326228 0 0.090795284509661622
0.6269652200124044 0.46881186493747329 0 0.072850110683210359
0.69241617918051757 0.53917548357663991 0 0.041150154592955505
0.75748948349269063 0.60973193166248607 0 0.0092539893666210172
-0.54559502354445999 -0.80638954928936735 0 0.0088992480065784637
-0.47418066444556339 -0.74492920324291889 0 0.039466208216591102
-0.40299037765043744 -0.682674562315567 0 0.069874318608881922
-0.36167527594728871 -0.64608775960335696 0 0.087082416774469443
-0.29091006835690103 -0.58263048837290721 0 0.11546565537087192
-0.2204580551872638 -0.51844841874173175 0 0.14155017522719854
-0.17961353822797974 -0.48077272025301976 0 0.15545958868192136
-0.10972694260117788 -0.41550230171929586 0 0.17633582700453043
-0.040241620717995204 -0.34958190710084974 0 0.19298134347387369
1.0563857409786913e-16 -0.31092971294292571 0 0.20065624789829703
0.068781962343386058 -0.24404311176241411 0 0.2098959059535947
0.13707655557717172 -0.17658594876924058 0 0.21401839056915667
0.17658594876924072 -0.1370765555771716 0 0.2140613638274253
0.24404311176241417 -0.068781962343386044 0 0.21008009511256331
0.31092971294292576 -1.6252088322749093e-17 0 0.20097476405478668
0.34958190710084969 0.040241620717995294 0 0.19337108644137754
0.41550230171929581 0.10972694260117788 0 0.17681314466361661
0.4807727202530197 0.17961353822797976 0 0.15598155984679898
0.51844841874173175 0.22045805518726386 0 0.14207200465497269
0.58263048837290721 0.29091006835690109 0 0.11596290993544683
0.64608775960335707 0.36167527594728882 0 0.087516915150216937
0.682674562315567 0.40299037765043749 0 0.070231659671972382
0.74492920324291878 0.47418066444556339 0 0.039620471599950746
0.80638954928936735 0.54559502354445999 0 0.0088924835779303577
-0.50687823205019111 -0.83244859842668295 0 0.0087067055027719754
-0.43521887053938973 -0.77350256297367004 0 0.038449694759213511
-0.36375992435333343 -0.71347467871584136 0 0.067926232592480262
-0.3222853860303368 -0.67805594664847346 0 0.084412933800816353
-0.25125443912209594 -0.61639432236069569 0 0.11203895890950456
-0.18056418990509898 -0.5537519417100959 0 0.13750138660627634
-0.13960156431233783 -0.5168599776084265 0 0.15087487613749043
-0.069560824089247061 -0.45275312362579706 0 0.17128753503305755
1.2003966340977283e-16 -0.3877780598681545 0 0.18757029490601368
0.040241620717995447 -0.34958190710084974 0 0.1949721680291972
0.10893495437946903 -0.28332848291631452 0 0.20401492903554702
0.17701254800572863 -0.21632917030735915 0 0.20806466626106301
0.21632917030735924 -0.17701254800572858 0 0.20808618616047475
0.28332848291631457 -0.10893495437946903 0 0.20422343719447425
0.34958190710084974 -0.040241620717995336 0 0.19536133942350961
0.3877780598681545 -3.0454037228695014e-17 0 0.18791455644593813
0.45275312362579689 0.069560824089247061 0 0.17177391838185521
0.5168599776084265 0.13960156431233789 0 0.15145765507379394
0.55375194171009579 0.18056418990509904 0 0.1377733119777339
0.61639432236069569 0.251254439122096 0 0.11236340944737427
0.67805594664847346 0.32228538603033691 0 0.084743546813189088
0.71347467871584147 0.3637599243533336 0 0.067750701991994719
0.77350256297366993 0.43521887053938973 0 0.038126564154541596
0.83244859842668273 0.50687823205019111 0 0.008534022636553432
-0.43841610293098304 -0.87291026169815689 0 0.0079228219835031834
-0.36668391593534355 -0.81899425240900192 0 0.035203006203167755
-0.2950509147995713 -0.76343783080933469 0 0.062563777208284807
-0.2534454645006764 -0.73037133043391567 0 0.077993056780104084
-0.1821684120571288 -0.67233570983317048 0 0.10390814854722451
-0.11124333219960124 -0.61281395417715201 0 0.12788165728065706
-0.070166848093775228 -0.5775157464722398 0 0.14054895816922058
4.0509653371817905e-17 -0.51578456481512747 0 0.15981579963893586
0.069560824089247228 -0.45275312362579684 0 0.1751601891321351
0.10972694260117806 -0.41550230171929586 0 0.18213411533343918
0.17813126415708286 -0.35057778030967113 0 0.19064418078746273
0.24568188435647501 -0.28456581235971701 0 0.19447037632269026
0.28456581235971712 -0.24568188435647489 0 0.19450842824837311
0.35057778030967113 -0.17813126415708283 0 0.19090323801053205
0.41550230171929586 -0.10972694260117793 0 0.18260570856061725
0.45275312362579684 -0.069560824089247145 0 0.17563812401659931
0.51578456481512736 -4.0509653371817905e-17 0 0.16045310060767382
0.5775157464722398 0.070166848093775339 0 0.14128885251909537
0.6128139541771519 0.11124333219960135 0 0.12839952993813394
0.67233570983317048 0.18216841205712886 0 0.10445626975182179
0.73037133043391567 0.25344546450067651 0 0.078509457195430676
0.76343783080933481 0.29505091479957141 0 0.062650741728919712
0.81899425240900192 0.36668391593534355 0 0.035068595878561044
0.87291026169815689 0.43841610293098304 0 0.0077991740874176737
-0.3680897424599508 -0.9077593547992262 0 0.0068989241031914214
-0.29660800262837389 -0.85974895660618045 0 0.031005002342899962
-0.22506333614595231 -0.80948034503010113 0 0.055713779261220391
-0.18345542049312136 -0.77921047432404389 0 0.069863182540787591
-0.11211859678872002 -0.72550729179165807 0 0.093652336688355556
-0.041111696422799104 -0.66973675261659327 0 0.11569961611712073
1.2897405497714607e-16 -0.63636352836681687 0 0.12739259357250923
0.070166848093775394 -0.57751574647223991 0 0.14509208089004857
0.13960156431233808 -0.5168599776084265 0 0.15911832860473307
0.17961353822797993 -0.48077272025301976 0 0.16546446909618051
0.24757587453180316 -0.41749912306947035 0 0.17319714291352739
0.31441332520186088 -0.35273628763328946 0 0.17668415065129367
0.35273628763328951 -0.31441332520186088 0 0.17673508751486625
0.41749912306947029 -0.24757587453180308 0 0.17347774386191026
0.48077272025301981 -0.17961353822797985 0 0.16596494978911658
0.5168599776084265 -0.13960156431233797 0 0.15966894191986014
0.5775157464722398 -0.070166848093775394 0 0.14580025778999903
0.63636352836681687 -4.0304392180358147e-17 0 0.1281944058938598
0.66973675261659327 0.041111696422799202 0 0.11636283376253931
0.72550729179165807 0.11211859678872006 0 0.094323439080952934
0.77921047432404389 0.18345542049312141 0 0.070476981521763821
0.80948034503010102 0.22506333614595242 0 0.056019636853590807
0.85974895660618034 0.29660800262837389 0 0.031053337989205201
0.9077593547992262 0.3680897424599508 0 0.0068329088941929622
-0.32657219174068752 -0.92541773360769353 0 0.0063429630598995047
-0.2553312401438676 -0.88122768029588905 0 0.028567673446176386
-0.1839122259841412 -0.83440483946924615 0 0.05154778259626918
-0.14233789089428059 -0.8059672288026829 0 0.064739709865683462
-0.071015296909942752 -0.7551164303162059 0 0.087152562333543473
1.32367989456471e-16 -0.70182985851961266 0 0.10793539762851266
0.041111696422799354 -0.66973675261659327 0 0.11864464484491986
0.11124333219960141 -0.61281395417715212 0 0.13526458763449214
0.1805641899050992 -0.55375194171009579 0 0.14838999102668632
0.22045805518726408 -0.51844841874173175 0 0.15407634385409427
0.28810196423755818 -0.45629171384912309 0 0.1612752285900966
0.35444264107171636 -0.39238008141343955 0 0.16454688488291461
0.39238008141343966 -0.35444264107171614 0 0.16447145534599023
0.45629171384912315 -0.28810196423755813 0 0.16148715072289013
0.51844841874173175 -0.22045805518726391 0 0.15456534666010732
0.55375194171009579 -0.18056418990509912 0 0.14865126315850674
0.6128139541771519 -0.11124333219960141 0 0.13575964603671811
0.66973675261659327 -0.041111696422799257 0 0.11930642867787894
0.70182985851961266 -2.7075270570641794e-17 0 0.10810602052896209
0.7551164303162059 0.071015296909942807 0 0.087448044955232229
0.80596722880268279 0.14233789089428067 0 0.065094654020164566
0.83440483946924593 0.18391222598414125 0 0.051351620370228585
0.88122768029588894 0.2553312401438676 0 0.028227782678006134
0.92541773360769342 0.32657219174068752 0 0.0061625168514659488
-0.2546786615843773 -0.95124618205515632 0 0.0051289782109716787
-0.18392573696559561 -0.91422807690528751 0 0.023516813055582671
-0.11277268027404637 -0.87393167626167778 0 0.043123689623903935
-0.071275832337050371 -0.84898723246549934 0 0.054519277803812653
4.3571119910371165e-17 -0.80360665106105234 0 0.07391537916200841
0.071015296909942946 -0.75511643031620601 0 0.091794746184818837
0.11211859678872017 -0.72550729179165807 0 0.10095153839384283
0.18216841205712889 -0.6723357098331707 0 0.11511720563921822
0.25125443912209605 -0.61639432236069569 0 0.12624469338466346
0.29091006835690114 -0.58263048837290699 0 0.13100899458013632
0.35791765595853736 -0.5226741288508463 0 0.13706486775752791
0.4232712505101246 -0.46044481988194236 0 0.13982875590992708
0.46044481988194236 -0.42327125051012432 0 0.13976762770111503
0.5226741288508463 -0.35791765595853736 0 0.1372704651029594
0.5826304883729071 -0.29091006835690103 0 0.13146959399200911
0.61639432236069558 -0.251254439122096 0 0.12652759789072646
0.67233570983317059 -0.18216841205712889 0 0.11561428013288334
0.72550729179165818 -0.11211859678872013 0 0.10159885010492962
0.75511643031620612 -0.071015296909942849 0 0.092065536257830885
0.80360665106105222 -1.5844043603771333e-17 0 0.074293307945295636
0.84898723246549934 0.071275832337050468 0 0.054940440586832194
0.87393167626167745 0.11277268027404642 0 0.043090688505988815
0.91422807690528751 0.18392573696559558 0 0.023349836794221819
0.95124618205515654 0.25467866158437735 0 0.0050166116312924209
-0.18263343337494406 -0.97143673502598948 0 0.003950563160957864
-0.11235839105116337 -0.94227595053553614 0 0.018406086403296548
-0.041442717466483897 -0.90922117443470685 0 0.034232257088035248
1.0097911323239688e-16 -0.88818915540755961 0 0.043492070453891044
0.071275832337050538 -0.84898723246549945 0 0.059159090774446782
0.14233789089428084 -0.80596722880268279 0 0.073329133527501492
0.18345542049312158 -0.77921047432404378 0 0.080429164227036373
0.25344546450067651 -0.73037133043391556 0 0.091435175809071179
0.32228538603033696 -0.67805594664847346 0 0.10007942588657789
0.36167527594728899 -0.64608775960335685 0 0.1037347515887059
0.42795408787326233 -0.58870334298570959 0 0.10843108110335807
0.49216059763026798 -0.52844205096353403 0 0.11058970673184558
0.52844205096353414 -0.49216059763026782 0 0.11054877334698877
0.58870334298570981 -0.42795408787326233 0 0.10863111095920826
0.64608775960335696 -0.36167527594728877 0 0.1041600534460739
0.67805594664847346 -0.32228538603033691 0 0.10038214633140714
0.73037133043391544 -0.25344546450067651 0 0.091928463337093674
0.77921047432404389 -0.1834554204931215 0 0.081053278149988736
0.8059672288026829 -0.1423378908942807 0 0.073693891266256403
0.84898723246549934 -0.07127583233705051 0 0.059603267319666184
0.88818915540755961 0 0 0.04394634208297165
0.90922117443470674 0.041442717466483966 0 0.034355389541268544
0.94227595053553603 0.11235839105116335 0 0.018399049089378092
0.97143673502598948 0.18263343337494412 0 0.0039006468377934429
-0.14087437253729865 -0.98065068515563447 0 0.003348928564632603
-0.070829527395004269 -0.95633414782547244 0 0.015470540835367912
9.0583685679388138e-17 -0.92779400622196395 0 0.028753136912704948
0.041442717466484084 -0.90922117443470674 0 0.037027887378255221
0.11277268027404647 -0.87393167626167745 0 0.05019728136283854
0.18391222598414142 -0.83440483946924604 0 0.061858988301699391
0.22506333614595259 -0.80948034503010102 0 0.067498240818940972
0.29505091479957141 -0.76343783080933458 0 0.07643035570258909
0.36375992435333371 -0.71347467871584125 0 0.083467389868772265
0.40299037765043766 -0.68267456231556678 0 0.086182653720530591
0.46881186493747323 -0.62696522001240407 0 0.090061301737736063
0.5322811830578682 -0.56798440247947701 0 0.091881365985260213
0.56798440247947712 -0.53228118305786798 0 0.091585890743379555
0.62696522001240407 -0.46881186493747307 0 0.090103123978914471
0.68267456231556689 -0.40299037765043749 0 0.086555213807171738
0.71347467871584125 -0.3637599243533336 0 0.083293359777507819
0.76343783080933458 -0.29505091479957141 0 0.076540607240733513
0.80948034503010102 -0.22506333614595248 0 0.06786221289415266
0.83440483946924604 -0.18391222598414131 0 0.061788857592680019
0.87393167626167745 -0.11277268027404645 0 0.050306071359352236
0.90922117443470685 -0.04144271746648398 0 0.037252771974811277
0.92779400622196362 -1.2667375569940819e-17 0 0.02884911705128226
0.95633414782547232 0.070829527395004241 0 0.015468062466671085
0.98065068515563447 0.1408743725372987 0 0.0033083018640313305
-0.069795197055057726 -0.99227202516052371 0 0.0020270551218261228
7.3865348741084582e-18 -0.976660967024921 0 0.0094986560141032354
0.070829527395004352 -0.95633414782547255 0 0.017851938769047854
0.11235839105116349 -0.94227595053553614 0 0.022924100793047134
0.18392573696559567 -0.9142280769052874 0 0.031070993022707952
0.25533124014386777 -0.88122768029588894 0 0.038040586938611315
0.29660800262837411 -0.85974895660618045 0 0.041074852595316853
0.36668391593534361 -0.8189942524090017 0 0.046217983218376321
0.43521887053938979 -0.77350256297366993 0 0.050303065553299414
0.47418066444556362 -0.74492920324291878 0 0.051675152447897353
0.53917548357663991 -0.69241617918051757 0 0.053931541777143821
0.60126553172239694 -0.63587378152186191 0 0.055009141865799277
0.63587378152186225 -0.60126553172239672 0 0.054701859758996857
0.69241617918051745 -0.53917548357663991 0 0.053847967549006316
0.74492920324291878 -0.47418066444556339 0 0.051814964767499895
0.77350256297367015 -0.43521887053938973 0 0.049878867414215121
0.81899425240900192 -0.36668391593534361 0 0.046001965477158964
0.85974895660618045 -0.29660800262837395 0 0.041063855102549299
0.88122768029588883 -0.2553312401438676 0 0.037606014795329719
0.91422807690528751 -0.18392573696559564 0 0.030819972747165136
0.94227595053553637 -0.11235839105116338 0 0.022848682914199697
0.95633414782547232 -0.070829527395004269 0 0.0177359419318282
0.976660967024921 0 0 0.009430536171813806
0.99227202516052393 0.069795197055057795 0 0.0019989637986216821
8.107998499458471e-17 -0.99880800368447253 0 0.00049195407584004145
0.06979519705505785 -0.99227202516052404 0 0.0023426449321351699
0.14087437253729887 -0.98065068515563447 0 0.0044561720530141673
0.18263343337494431 -0.97143673502598937 0 0.0056570295894129794
0.25467866158437752 -0.95124618205515632 0 0.0076735000769770955
0.32657219174068769 -0.92541773360769319 0 0.0093489555317174018
0.36808974245995102 -0.9077593547992262 0 0.0099571224361942861
0.43841610293098304 -0.87291026169815689 0 0.011144703644963795
0.50687823205019122 -0.83244859842668284 0 0.012095834367939432
0.54559502354446021 -0.80638954928936735 0 0.012329760310056965
0.60973193166248618 -0.75748948349269074 0 0.012849072853820098
0.67030924528490032 -0.70369431969237939 0 0.013099403845778051
0.7036943196923795 -0.6703092452849001 0 0.012972677748075274
0.75748948349269063 -0.60973193166248607 0 0.012765428913255574
0.80638954928936746 -0.54559502354445999 0 0.012292402581543932
0.83244859842668295 -0.50687823205019111 0 0.011826558031133057
0.87291026169815689 -0.43841610293098304 0 0.010926460265488391
0.90775935479922609 -0.36808974245995085 0 0.0097986563702453424
0.9254177336076933 -0.32657219174068758 0 0.0090196362873366104
0.95124618205515665 -0.25467866158437746 0 0.0074185145741821447
0.97143673502598937 -0.18263343337494412 0 0.0054960648888974393
0.98065068515563447 -0.14087437253729873 0 0.0043133799276665651
0.99227202516052393 -0.069795197055057809 0 0.0022756142835200321
0.99880800368447265 1.7626083694474936e-18 0 0.00047830343294115961
