0.028175416344814571 0.028175416344814571 0 0.0083984142291341317
0.028175416344814571 0.125 0 0.035110726282305403
0.028175416344814571 0.22182458365518543 0 0.058494180469932704
0.028175416344814571 0.27817541634481457 0 0.070371332039302084
0.028175416344814571 0.375 0 0.084764792215277329
0.028175416344814571 0.47182458365518543 0 0.091121677761005673
0.028175416344814571 0.52817541634481457 0 0.091121677568685569
0.028175416344814571 0.625 0 0.084764791745317286
0.028175416344814571 0.72182458365518543 0 0.070371331885455884
0.028175416344814571 0.77817541634481457 0 0.058494180720439638
0.028175416344814571 0.875 0 0.035110726798886924
0.028175416344814571 0.97182458365518554 0 0.0083984143547752802
0.028175416344814571 1.0281754163448147 0 -0.008398414575168392
0.028175416344814571 1.125 0 -0.035110726969400818
0.028175416344814571 1.2218245836551855 0 -0.058494180778015548
0.028175416344814571 1.2781754163448147 0 -0.070371331852853158
0.028175416344814571 1.375 0 -0.084764791585567975
0.028175416344814571 1.4718245836551855 0 -0.091121677326885669
0.028175416344814571 1.5281754163448147 0 -0.091121677492974201
0.028175416344814571 1.6250000000000002 0 -0.084764791950754925
0.028175416344814571 1.7218245836551855 0 -0.070371331841360046
0.028175416344814571 1.7781754163448147 0 -0.05849418033540215
0.028175416344814571 1.875 0 -0.035110726232445752
0.028175416344814571 1.9718245836551858 0 -0.0083984142237446564
0.125 0.028175416344814571 0 0.035110726244512495
0.125 0.125 0 0.14678522200346111
0.125 0.22182458365518543 0 0.24454296912613305
0.125 0.27817541634481457 0 0.29419703507346007
0.125 0.375 0 0.35437087541750145
0.125 0.47182458365518543 0 0.38094671023146809
0.125 0.52817541634481457 0 0.38094670969258404
0.125 0.625 0 0.35437087411796608
0.125 0.72182458365518543 0 0.29419703470378256
0.125 0.77817541634481457 0 0.24454296992622065
0.125 0.875 0 0.14678522361235993
0.125 0.97182458365518543 0 0.035110726818682214
0.125 1.0281754163448147 0 -0.035110726960026595
0.125 1.125 0 -0.14678522365872171
0.125 1.2218245836551858 0 -0.24454296975752018
0.125 1.2781754163448147 0 -0.2941970343616449
0.125 1.375 0 -0.35437087350168178
0.125 1.4718245836551858 0 -0.38094670884753695
0.125 1.5281754163448151 0 -0.38094670928202962
0.125 1.6250000000000002 0 -0.35437087445782417
0.125 1.7218245836551858 0 -0.29419703433442485
0.125 1.7781754163448149 0 -0.24454296860681529
0.125 1.875 0 -0.14678522179017325
0.125 1.9718245836551855 0 -0.035110726214322749
0.22182458365518543 0.028175416344814574 0 0.058494180335798396
0.22182458365518543 0.125 0 0.24454296882859017
0.22182458365518543 0.22182458365518543 0 0.40740656830548583
0.22182458365518543 0.27817541634481457 0 0.49012983188830622
0.22182458365518543 0.375 0 0.59037895292856291
0.22182458365518543 0.47182458365518548 0 0.63465407477965097
0.22182458365518543 0.52817541634481469 0 0.63465407438118027
0.22182458365518543 0.62500000000000011 0 0.59037895201624802
0.22182458365518543 0.72182458365518554 0 0.49012983178747777
0.22182458365518543 0.77817541634481469 0 0.40740656917291462
0.22182458365518543 0.87500000000000011 0 0.24454297047184545
0.22182458365518543 0.97182458365518565 0 0.058494181384467034
0.22182458365518543 1.0281754163448147 0 -0.05849418015097424
0.22182458365518543 1.125 0 -0.24454296929393915
0.22182458365518543 1.2218245836551858 0 -0.40740656812086973
0.22182458365518543 1.2781754163448147 0 -0.49012983082984612
0.22182458365518543 1.3750000000000004 0 -0.59037895108663974
0.22182458365518543 1.4718245836551858 0 -0.63465407328563139
0.22182458365518543 1.5281754163448151 0 -0.63465407352011793
0.22182458365518543 1.6250000000000004 0 -0.59037895160506304
0.22182458365518543 1.7218245836551858 0 -0.49012983082372197
0.22182458365518543 1.7781754163448147 0 -0.40740656752148363
0.22182458365518543 1.875 0 -0.24454296846413437
0.22182458365518543 1.9718245836551858 0 -0.058494180271080394
0.27817541634481457 0.028175416344814568 0 0.070371331830569595
0.27817541634481457 0.125 0 0.29419703451449397
0.27817541634481457 0.22182458365518543 0 0.49012983154777501
0.27817541634481457 0.27817541634481452 0 0.58964992342076838
0.27817541634481457 0.37499999999999994 0 0.71025447065105163
0.27817541634481457 0.47182458365518543 0 0.76351958666363529
0.27817541634481457 0.52817541634481469 0 0.76351958653445462
0.27817541634481457 0.62500000000000011 0 0.71025447043001666
0.27817541634481457 0.72182458365518554 0 0.58964992365330959
0.27817541634481457 0.77817541634481457 0 0.49012983225332751
0.27817541634481457 0.875 0 0.29419703575081124
0.27817541634481457 0.97182458365518554 0 0.070371333149805065
0.27817541634481457 1.0281754163448147 0 -0.070371330642869781
0.27817541634481457 1.125 0 -0.29419703345964476
0.27817541634481457 1.2218245836551858 0 -0.49012983045071218
0.27817541634481457 1.2781754163448149 0 -0.58964992223124357
0.27817541634481457 1.3750000000000004 0 -0.71025446937958137
0.27817541634481457 1.471824583655186 0 -0.76351958543505427
0.27817541634481457 1.5281754163448151 0 -0.76351958537449383
0.27817541634481457 1.6250000000000004 0 -0.71025446925246016
0.27817541634481457 1.7218245836551855 0 -0.58964992225685586
0.27817541634481457 1.7781754163448149 0 -0.49012983066076488
0.27817541634481457 1.875 0 -0.29419703406844944
0.27817541634481457 1.9718245836551858 0 -0.070371331742154541
0.375 0.028175416344814571 0 0.084764791974966058
0.375 0.125 0 0.35437087473519302
0.375 0.22182458365518543 0 0.59037895239888494
0.37499999999999994 0.27817541634481457 0 0.71025447043688195
0.375 0.375 0 0.85552697086279139
0.375 0.47182458365518543 0 0.91968671276003044
0.37499999999999994 0.52817541634481469 0 0.91968671285771197
0.375 0.62500000000000011 0 0.85552697119348453
0.375 0.72182458365518554 0 0.71025447084152904
0.37499999999999994 0.77817541634481469 0 0.59037895279992236
0.375 0.87500000000000011 0 0.35437087545498736
0.375 0.97182458365518554 0 0.084764793482063089
0.375 1.0281754163448147 0 -0.084764789852300862
0.375 1.125 0 -0.35437087217370072
0.375 1.2218245836551858 0 -0.59037895030766585
0.375 1.2781754163448151 0 -0.71025446896682265
0.375 1.3750000000000004 0 -0.855526969974027
0.375 1.4718245836551858 0 -0.91968671168381888
0.375 1.5281754163448151 0 -0.91968671137324565
0.375 1.6250000000000004 0 -0.85552696932787109
0.375 1.7218245836551858 0 -0.71025446911862777
0.375 1.7781754163448151 0 -0.59037895135772323
0.375 1.875 0 -0.35437087417130103
0.375 1.9718245836551858 0 -0.08476479185300434
0.47182458365518543 0.028175416344814568 0 0.091121677629539113
0.47182458365518543 0.125 0 0.3809467099057971
0.47182458365518543 0.22182458365518543 0 0.63465407465881596
0.47182458365518537 0.27817541634481457 0 0.76351958680935683
0.47182458365518543 0.375 0 0.91968671306268879
0.47182458365518543 0.47182458365518543 0 0.98865807694657348
0.47182458365518537 0.52817541634481469 0 0.98865807689343232
0.47182458365518543 0.62500000000000011 0 0.91968671293629045
0.47182458365518543 0.72182458365518554 0 0.76351958677912335
0.47182458365518537 0.77817541634481469 0 0.63465407476746494
0.47182458365518543 0.87500000000000011 0 0.38094671047059026
0.47182458365518543 0.97182458365518554 0 0.091121678936151487
0.47182458365518543 1.0281754163448147 0 -0.091121675797949941
0.47182458365518543 1.125 0 -0.38094670759531657
0.47182458365518543 1.2218245836551858 0 -0.63465407248752148
0.47182458365518543 1.2781754163448147 0 -0.76351958496361982
0.47182458365518543 1.3750000000000004 0 -0.91968671158702997
0.47182458365518543 1.4718245836551858 0 -0.98865807551481777
0.47182458365518543 1.5281754163448151 0 -0.98865807535942196
0.47182458365518543 1.6250000000000004 0 -0.9196867113477124
0.47182458365518543 1.7218245836551858 0 -0.76351958533766218
0.47182458365518543 1.7781754163448149 0 -0.63465407348313896
0.47182458365518543 1.875 0 -0.38094670925392199
0.47182458365518543 1.9718245836551858 0 -0.091121677484999664
0.52817541634481457 0.028175416344814568 0 0.091121677553387806
0.52817541634481457 0.125 0 0.3809467097561684
0.52817541634481457 0.22182458365518543 0 0.63465407472729252
0.52817541634481457 0.27817541634481452 0 0.76351958711195611
0.52817541634481457 0.37499999999999994 0 0.91968671353945619
0.52817541634481457 0.47182458365518543 0 0.98865807725037957
0.52817541634481457 0.52817541634481469 0 0.98865807696190977
0.52817541634481457 0.62500000000000011 0 0.91968671275221614
0.52817541634481457 0.72182458365518554 0 0.76351958658900621
0.52817541634481457 0.77817541634481469 0 0.6346540746666558
0.52817541634481457 0.87500000000000011 0 0.38094671036781985
0.52817541634481457 0.97182458365518554 0 0.09112167859007092
0.52817541634481457 1.0281754163448147 0 -0.091121676369137483
0.52817541634481457 1.125 0 -0.38094670827595684
0.52817541634481457 1.2218245836551858 0 -0.6346540728670389
0.52817541634481457 1.2781754163448149 0 -0.76351958501437212
0.52817541634481457 1.3750000000000002 0 -0.91968671135023516
0.52817541634481457 1.471824583655186 0 -0.98865807541821393
0.52817541634481457 1.5281754163448151 0 -0.98865807550859242
0.52817541634481457 1.6250000000000002 0 -0.91968671170237815
0.52817541634481457 1.7218245836551855 0 -0.76351958555264499
0.52817541634481457 1.7781754163448149 0 -0.63465407348468328
0.52817541634481457 1.875 0 -0.38094670906963779
0.52817541634481457 1.9718245836551858 0 -0.091121677401726942
0.625 0.028175416344814571 0 0.084764791840156686
0.625 0.125 0 0.35437087456399119
0.625 0.22182458365518543 0 0.59037895285260833
0.625 0.27817541634481457 0 0.71025447149199339
0.625 0.375 0 0.85552697234198649
0.625 0.47182458365518543 0 0.91968671374808098
0.625 0.52817541634481469 0 0.91968671320294337
0.625 0.62500000000000011 0 0.85552697080184192
0.625 0.72182458365518554 0 0.71025447031758071
0.625 0.77817541634481469 0 0.59037895243093019
0.625 0.87500000000000011 0 0.35437087504405956
0.625 0.97182458365518554 0 0.084764792538879558
0.625 1.0281754163448147 0 -0.084764791271050771
0.625 1.125 0 -0.35437087378094434
0.625 1.2218245836551858 0 -0.59037895117848838
0.625 1.2781754163448147 0 -0.71025446906610346
0.625 1.3750000000000002 0 -0.85552696942118578
0.625 1.4718245836551858 0 -0.9196867115103442
0.625 1.5281754163448151 0 -0.9196867118165083
0.625 1.6250000000000002 0 -0.85552697030834346
0.625 1.7218245836551858 0 -0.71025446980437201
0.625 1.7781754163448147 0 -0.59037895154979114
0.625 1.875 0 -0.3543708738890643
0.625 1.9718245836551858 0 -0.084764791701374284
0.72182458365518543 0.028175416344814568 0 0.07037133195164301
0.72182458365518543 0.125 0 0.29419703508489015
0.72182458365518543 0.22182458365518543 0 0.49012983261901233
0.72182458365518543 0.27817541634481457 0 0.58964992478320422
0.72182458365518543 0.375 0 0.71025447214741966
0.72182458365518543 0.47182458365518543 0 0.76351958777855866
0.72182458365518543 0.52817541634481469 0 0.76351958722062641
0.72182458365518543 0.62500000000000011 0 0.71025447048921475
0.72182458365518543 0.72182458365518554 0 0.58964992329050503
0.72182458365518543 0.77817541634481469 0 0.49012983173737212
0.72182458365518543 0.87500000000000011 0 0.29419703510145961
0.72182458365518543 0.97182458365518554 0 0.070371332526951047
0.72182458365518543 1.0281754163448147 0 -0.070371331181337524
0.72182458365518543 1.125 0 -0.2941970338053938
0.72182458365518543 1.2218245836551858 0 -0.49012983055349479
0.72182458365518543 1.2781754163448147 0 -0.58964992218403955
0.72182458365518543 1.375 0 -0.71025446928172409
0.72182458365518543 1.4718245836551858 0 -0.76351958557991972
0.72182458365518543 1.5281754163448151 0 -0.76351958577330103
0.72182458365518543 1.6250000000000002 0 -0.71025446994006802
0.72182458365518543 1.7218245836551855 0 -0.58964992299814112
0.72182458365518554 1.7781754163448147 0 -0.49012983133029187
0.72182458365518543 1.875 0 -0.29419703451760321
0.72182458365518543 1.9718245836551858 0 -0.070371331859594988
0.77817541634481457 0.028175416344814568 0 0.058494180724851977
0.77817541634481457 0.125 0 0.24454297011811071
0.77817541634481457 0.22182458365518543 0 0.40740656981923129
0.77817541634481457 0.27817541634481452 0 0.49012983325328363
0.77817541634481457 0.37499999999999994 0 0.59037895404661089
0.77817541634481457 0.47182458365518543 0 0.63465407573136379
0.77817541634481457 0.52817541634481469 0 0.63465407525696971
0.77817541634481457 0.62500000000000011 0 0.59037895255017969
0.77817541634481457 0.72182458365518554 0 0.49012983167705659
0.77817541634481457 0.77817541634481469 0 0.40740656859774127
0.77817541634481457 0.87500000000000011 0 0.24454296969870007
0.77817541634481457 0.97182458365518554 0 0.058494181280173578
0.77817541634481457 1.0281754163448147 0 -0.05849417954458383
0.77817541634481457 1.125 0 -0.24454296809757725
0.77817541634481457 1.2218245836551858 0 -0.40740656730108321
0.77817541634481457 1.2781754163448147 0 -0.49012983060701326
0.77817541634481457 1.375 0 -0.59037895151476005
0.77817541634481457 1.4718245836551858 0 -0.63465407374503491
0.77817541634481457 1.5281754163448151 0 -0.63465407376007255
0.77817541634481457 1.6250000000000002 0 -0.59037895178545818
0.77817541634481457 1.7218245836551855 0 -0.49012983144938133
0.77817541634481457 1.7781754163448147 0 -0.40740656857876045
0.77817541634481457 1.875 0 -0.2445429696459058
0.77817541634481457 1.9718245836551858 0 -0.058494180666995507
0.875 0.028175416344814571 0 0.035110726906168926
0.875 0.125 0 0.14678522404990579
0.875 0.22182458365518543 0 0.24454297118015073
0.875 0.27817541634481457 0 0.29419703657624252
0.875 0.375 0 0.35437087621304436
0.875 0.47182458365518543 0 0.38094671079329806
0.875 0.52817541634481469 0 0.38094671029430238
0.875 0.62500000000000011 0 0.35437087444890458
0.875 0.72182458365518554 0 0.29419703424355342
0.875 0.77817541634481469 0 0.24454296884489696
0.875 0.87500000000000011 0 0.14678522239097888
0.875 0.97182458365518554 0 0.03511072680078562
0.875 1.0281754163448147 0 -0.035110725782724318
0.875 1.125 0 -0.14678522146377121
0.875 1.2218245836551858 0 -0.24454296812340345
0.875 1.2781754163448147 0 -0.29419703367257932
0.875 1.375 0 -0.35437087385284938
0.875 1.4718245836551858 0 -0.38094670926652768
0.875 1.5281754163448151 0 -0.38094670936921815
0.875 1.6250000000000002 0 -0.35437087450135374
0.875 1.7218245836551858 0 -0.29419703516576634
0.87500000000000011 1.7781754163448147 0 -0.24454297018041721
0.875 1.875 0 -0.14678522361730889
0.875 1.9718245836551858 0 -0.035110726788070395
0.97182458365518554 0.028175416344814568 0 0.0083984148699906436
0.97182458365518554 0.125 0 0.035110728341878866
0.97182458365518554 0.22182458365518543 0 0.05849418273430447
0.97182458365518554 0.27817541634481457 0 0.070371333910765374
0.97182458365518554 0.375 0 0.084764793244138464
0.97182458365518554 0.47182458365518543 0 0.091121677837026821
0.97182458365518554 0.52817541634481469 0 0.09112167705463016
0.97182458365518554 0.62500000000000011 0 0.084764790388256045
0.97182458365518554 0.72182458365518554 0 0.070371329934482529
0.97182458365518554 0.77817541634481469 0 0.058494178557650621
0.97182458365518554 0.875 0 0.035110724794286154
0.97182458365518554 0.97182458365518554 0 0.0083984132100980192
0.97182458365518554 1.0281754163448147 0 -0.0083984149459144161
0.97182458365518554 1.125 0 -0.0351107262963338
0.97182458365518554 1.2218245836551855 0 -0.058494179530391807
0.97182458365518554 1.2781754163448147 0 -0.070371330488333161
0.97182458365518554 1.375 0 -0.084764790416261976
0.97182458365518554 1.4718245836551855 0 -0.091121676856705677
0.97182458365518554 1.5281754163448149 0 -0.091121677629013659
0.97182458365518554 1.6250000000000002 0 -0.084764792973308356
0.97182458365518554 1.7218245836551858 0 -0.07037133348341712
0.97182458365518554 1.7781754163448149 0 -0.058494182187528831
0.97182458365518554 1.875 0 -0.035110727766845422
0.97182458365518554 1.9718245836551858 0 -0.008398414522551207
1.0281754163448147 0.028175416344814568 0 -0.0083984137183630691
1.0281754163448147 0.125 0 -0.035110724518490226
1.0281754163448147 0.22182458365518543 0 -0.058494178231103727
1.0281754163448147 0.27817541634481457 0 -0.07037132988407914
1.0281754163448147 0.375 0 -0.084764790851233798
1.0281754163448147 0.47182458365518543 0 -0.091121678010872634
1.0281754163448147 0.52817541634481469 0 -0.091121679056323332
1.0281754163448147 0.62500000000000011 0 -0.084764794649123912
1.0281754163448147 0.72182458365518554 0 -0.070371335132709378
1.0281754163448147 0.77817541634481469 0 -0.058494183723399075
1.0281754163448147 0.875 0 -0.035110729375866429
1.0281754163448147 0.97182458365518543 0 -0.0083984166057634677
1.0281754163448147 1.0281754163448145 0 0.0083984125069870904
1.0281754163448147 1.125 0 0.035110725799762432
1.0281754163448147 1.2218245836551853 0 0.05849418133074643
1.0281754163448147 1.2781754163448147 0 0.070371333666010588
1.0281754163448147 1.375 0 0.084764794159661289
1.0281754163448147 1.4718245836551855 0 0.091121678622614347
1.0281754163448147 1.5281754163448147 0 0.091121677252994929
1.0281754163448147 1.6250000000000002 0 0.084764789954039743
1.0281754163448147 1.7218245836551858 0 0.070371329522437603
1.0281754163448147 1.7781754163448149 0 0.058494178433697572
1.0281754163448147 1.875 0 0.035110725238333002
1.0281754163448147 1.9718245836551855 0 0.0083984142574456636
1.125 0.028175416344814571 0 -0.035110725899457775
1.125 0.125 0 -0.14678522067444244
1.125 0.22182458365518543 0 -0.24454296712579893
1.125 0.27817541634481457 0 -0.29419703287727994
1.125 0.375 0 -0.35437087399600459
1.125 0.47182458365518543 0 -0.38094671110008277
1.125 0.52817541634481469 0 -0.38094671244563533
1.125 0.62500000000000011 0 -0.35437087883068941
1.125 0.72182458365518554 0 -0.29419703944299785
1.125 0.77817541634481469 0 -0.24454297391049867
1.125 0.875 0 -0.14678522679898587
1.125 0.97182458365518554 0 -0.035110730098927505
1.125 1.0281754163448147 0 0.035110723335316056
1.125 1.125 0 0.14678522077822764
1.125 1.2218245836551858 0 0.24454296957173238
1.125 1.2781754163448147 0 0.29419703641928047
1.125 1.375 0 0.35437087717771559
1.125 1.4718245836551858 0 0.38094671083077686
1.125 1.5281754163448151 0 0.38094670899754335
1.125 1.6250000000000002 0 0.35437087175910131
1.125 1.7218245836551858 0 0.29419703162058719
1.125 1.7781754163448151 0 0.24454296685974472
1.125 1.8750000000000002 0 0.14678522141572911
1.125 1.9718245836551858 0 0.035110726567809808
1.2218245836551855 0.028175416344814574 0 -0.058494180046265172
1.2218245836551855 0.125 0 -0.24454296775685422
1.2218245836551855 0.22182458365518543 0 -0.40740656678117804
1.2218245836551855 0.27817541634481457 0 -0.49012983029636414
1.2218245836551855 0.375 0 -0.59037895222777093
1.2218245836551855 0.47182458365518543 0 -0.63465407633915405
1.2218245836551855 0.52817541634481469 0 -0.63465407774712257
1.2218245836551855 0.625 0 -0.5903789572057494
1.2218245836551855 0.72182458365518554 0 -0.49012983687925865
1.2218245836551855 0.77817541634481469 0 -0.40740657343658832
1.2218245836551855 0.875 0 -0.2445429737136974
1.2218245836551855 0.97182458365518554 0 -0.058494184357499673
1.2218245836551855 1.0281754163448147 0 0.058494177077972859
1.2218245836551855 1.125 0 0.24454296698415712
1.2218245836551855 1.2218245836551855 0 0.4074065679523452
1.2218245836551855 1.2781754163448147 0 0.4901298323778851
1.2218245836551855 1.375 0 0.59037895389197126
1.2218245836551855 1.4718245836551853 0 0.63465407485268122
1.2218245836551855 1.5281754163448147 0 0.63465407339823465
1.2218245836551855 1.6250000000000002 0 0.59037894967043547
1.2218245836551855 1.7218245836551858 0 0.49012982884567124
1.2218245836551855 1.7781754163448149 0 0.40740656623886029
1.2218245836551855 1.8750000000000002 0 0.24454296818457763
1.2218245836551855 1.9718245836551853 0 0.058494180548274377
1.2781754163448147 0.028175416344814568 0 -0.070371331534235096
1.2781754163448147 0.125 0 -0.29419703353376303
1.2781754163448147 0.22182458365518543 0 -0.49012983040000768
1.2781754163448147 0.27817541634481457 0 -0.5896499224324584
1.2781754163448147 0.375 0 -0.71025447065986713
1.2781754163448147 0.47182458365518543 0 -0.76351958862398572
1.2781754163448147 0.52817541634481457 0 -0.76351958996356062
1.2781754163448147 0.62500000000000011 0 -0.71025447533311059
1.2781754163448147 0.72182458365518554 0 -0.58964992847225139
1.2781754163448147 0.77817541634481457 0 -0.4901298363845929
1.2781754163448147 0.875 0 -0.29419703880119302
1.2781754163448147 0.97182458365518543 0 -0.070371335417343167
1.2781754163448147 1.0281754163448145 0 0.070371328722239487
1.2781754163448147 1.125 0 0.29419703238289263
1.2781754163448147 1.2218245836551853 0 0.49012983059304038
1.2781754163448147 1.2781754163448147 0 0.58964992318910836
1.2781754163448147 1.375 0 0.71025447090436922
1.2781754163448147 1.4718245836551855 0 0.76351958632708528
1.2781754163448147 1.5281754163448147 0 0.76351958542965948
1.2781754163448147 1.6250000000000002 0 0.71025446834004946
1.2781754163448147 1.7218245836551858 0 0.58964992115325898
1.2781754163448147 1.7781754163448149 0 0.49012982977240249
1.2781754163448147 1.8750000000000002 0 0.29419703363969285
1.2781754163448147 1.9718245836551855 0 0.070371331819365127
1.375 0.028175416344814571 0 -0.084764791776805751
1.375 0.125 0 -0.35437087416039181
1.375 0.22182458365518543 0 -0.59037895191891721
1.375 0.27817541634481457 0 -0.71025447023199828
1.375 0.375 0 -0.85552697155183421
1.375 0.47182458365518543 0 -0.91968671488176412
1.375 0.52817541634481457 0 -0.91968671599553731
1.375 0.625 0 -0.85552697538815758
1.375 0.72182458365518543 0 -0.71025447507913242
1.375 0.77817541634481457 0 -0.59037895662544682
1.375 0.875 0 -0.35437087827417746
1.375 0.97182458365518554 0 -0.084764794982322644
1.375 1.0281754163448147 0 0.084764789217151915
1.375 1.125 0 0.35437087248521387
1.375 1.2218245836551858 0 0.59037895078261127
1.375 1.2781754163448147 0 0.71025446922248692
1.375 1.375 0 0.85552697001650191
1.375 1.4718245836551858 0 0.91968671182019757
1.375 1.5281754163448147 0 0.9196867116771571
1.375 1.625 0 0.85552696967927644
1.375 1.7218245836551858 0 0.71025446915176171
1.375 1.7781754163448147 0 0.59037895107522753
1.375 1.875 0 0.35437087370147341
1.375 1.9718245836551858 0 0.084764791727148223
1.4718245836551855 0.028175416344814574 0 -0.091121677693670758
1.4718245836551855 0.125 0 -0.38094671010236419
1.4718245836551855 0.22182458365518543 0 -0.634654074851563
1.4718245836551855 0.27817541634481457 0 -0.76351958696924083
1.4718245836551855 0.375 0 -0.9196867136026291
1.4718245836551855 0.47182458365518543 0 -0.98865807848813458
1.4718245836551855 0.52817541634481457 0 -0.98865807924941851
1.4718245836551855 0.625 0 -0.91968671625631648
1.4718245836551855 0.72182458365518543 0 -0.76351959039411432
1.4718245836551855 0.77817541634481457 0 -0.63465407824942488
1.4718245836551855 0.875 0 -0.38094671325091178
1.4718245836551855 0.97182458365518554 0 -0.091121680423972604
1.4718245836551855 1.0281754163448147 0 0.091121675267702026
1.4718245836551855 1.125 0 0.38094670804710407
1.4718245836551855 1.2218245836551855 0 0.63465407293798315
1.4718245836551855 1.2781754163448147 0 0.76351958502766315
1.4718245836551855 1.375 0 0.91968671134661839
1.4718245836551855 1.4718245836551853 0 0.98865807557008711
1.4718245836551855 1.5281754163448147 0 0.98865807581387477
1.4718245836551855 1.625 0 0.91968671212859454
1.4718245836551855 1.7218245836551855 0 0.7635195858837116
1.4718245836551855 1.7781754163448147 0 0.6346540736754841
1.4718245836551855 1.875 0 0.38094670909592238
1.4718245836551855 1.9718245836551853 0 0.091121677391884912
1.5281754163448149 0.028175416344814568 0 -0.091121677807471366
1.5281754163448147 0.125 0 -0.38094671046296336
1.5281754163448147 0.22182458365518543 0 -0.63465407523544892
1.5281754163448149 0.27817541634481457 0 -0.76351958726800517
1.5281754163448147 0.375 0 -0.91968671364992149
1.5281754163448147 0.47182458365518543 0 -0.98865807816010842
1.5281754163448149 0.52817541634481457 0 -0.98865807866689526
1.5281754163448147 0.625 0 -0.91968671549389258
1.5281754163448147 0.72182458365518543 0 -0.7635195898226893
1.5281754163448149 0.77817541634481457 0 -0.63465407793248851
1.5281754163448147 0.875 0 -0.38094671319956225
1.5281754163448147 0.97182458365518543 0 -0.091121680361606117
1.5281754163448147 1.0281754163448145 0 0.09112167544563668
1.5281754163448147 1.125 0 0.38094670833402794
1.5281754163448147 1.2218245836551853 0 0.63465407318115208
1.5281754163448147 1.2781754163448147 0 0.76351958518628449
1.5281754163448147 1.375 0 0.91968671142971103
1.5281754163448147 1.4718245836551855 0 0.98865807569022635
1.5281754163448147 1.5281754163448147 0 0.98865807599925981
1.5281754163448147 1.625 0 0.91968671237707478
1.5281754163448147 1.7218245836551853 0 0.76351958611564286
1.5281754163448147 1.7781754163448147 0 0.63465407386435857
1.5281754163448147 1.875 0 0.38094670920275203
1.5281754163448147 1.9718245836551855 0 0.091121677413510627
1.6250000000000002 0.028175416344814571 0 -0.084764791901547509
1.625 0.125 0 -0.35437087462257005
1.625 0.22182458365518543 0 -0.5903789525771872
1.6250000000000002 0.27817541634481457 0 -0.71025447091340643
1.625 0.375 0 -0.85552697172153069
1.625 0.47182458365518543 0 -0.91968671378626599
1.6250000000000002 0.52817541634481457 0 -0.91968671390770074
1.625 0.625 0 -0.8555269725405541
1.625 0.72182458365518543 0 -0.7102544728642225
1.6250000000000002 0.77817541634481457 0 -0.59037895531645357
1.625 0.875 0 -0.35437087787041027
1.625 0.97182458365518554 0 -0.084764794435864974
1.625 1.0281754163448147 0 0.084764790250814404
1.625 1.125 0 0.35437087385749927
1.625 1.2218245836551858 0 0.59037895169330779
1.625 1.2781754163448147 0 0.7102544695616595
1.625 1.375 0 0.85552696985173748
1.625 1.4718245836551858 0 0.91968671189817053
1.625 1.5281754163448147 0 0.91968671218671372
1.625 1.625 0 0.8555269706148102
1.625 1.7218245836551858 0 0.71025446999825559
1.625 1.7781754163448147 0 0.59037895166076448
1.625 1.875 0 0.35437087390541366
1.625 1.9718245836551858 0 0.084764791694649261
1.7218245836551855 0.028175416344814574 0 -0.070371331081017355
1.7218245836551855 0.125 0 -0.29419703233513139
1.7218245836551855 0.22182458365518543 0 -0.4901298297140082
1.7218245836551855 0.27817541634481457 0 -0.5896499224987396
1.7218245836551855 0.375 0 -0.71025447088981875
1.7218245836551855 0.47182458365518543 0 -0.76351958731839398
1.7218245836551855 0.52817541634481457 0 -0.76351958713961965
1.7218245836551855 0.625 0 -0.71025447122896535
1.7218245836551855 0.72182458365518543 0 -0.58964992510992509
1.7218245836551855 0.77817541634481457 0 -0.49012983423395684
1.7218245836551855 0.875 0 -0.29419703777241829
1.7218245836551855 0.97182458365518554 0 -0.070371333968869423
1.7218245836551855 1.0281754163448147 0 0.070371330990030581
1.7218245836551855 1.125 0 0.29419703499445204
1.7218245836551855 1.2218245836551855 0 0.49012983191081327
1.7218245836551855 1.2781754163448147 0 0.58964992314407316
1.7218245836551855 1.375 0 0.71025446966539962
1.7218245836551855 1.4718245836551853 0 0.76351958565797218
1.7218245836551855 1.5281754163448147 0 0.76351958577863765
1.7218245836551855 1.625 0 0.71025446970415818
1.7218245836551855 1.7218245836551855 0 0.58964992233163649
1.7218245836551855 1.7781754163448147 0 0.49012983036357849
1.7218245836551855 1.875 0 0.29419703352244825
1.7218245836551855 1.9718245836551853 0 0.070371331533761156
1.7781754163448147 0.028175416344814571 0 -0.058494179061406498
1.7781754163448147 0.125 0 -0.244542965005139
1.7781754163448147 0.22182458365518543 0 -0.40740656476858461
1.7781754163448147 0.27817541634481452 0 -0.49012982966312219
1.7781754163448147 0.375 0 -0.59037895247870942
1.7781754163448147 0.47182458365518543 0 -0.63465407515168293
1.7781754163448147 0.52817541634481457 0 -0.6346540748445948
1.7781754163448147 0.625 0 -0.59037895276419583
1.7781754163448147 0.72182458365518531 0 -0.49012983309406777
1.7781754163448147 0.77817541634481446 0 -0.40740657087999349
1.7781754163448147 0.87500000000000011 0 -0.24454297222175231
1.7781754163448147 0.97182458365518543 0 -0.058494182250985023
1.7781754163448147 1.0281754163448147 0 0.058494180153073227
1.7781754163448147 1.125 0 0.24454297030161887
1.7781754163448147 1.2218245836551855 0 0.40740656936239195
1.7781754163448147 1.2781754163448147 0 0.49012983188343223
1.7781754163448147 1.375 0 0.59037895173683219
1.7781754163448147 1.4718245836551855 0 0.63465407349855429
1.7781754163448147 1.5281754163448147 0 0.63465407346867575
1.7781754163448147 1.625 0 0.59037895116954864
1.7781754163448147 1.7218245836551855 0 0.4901298301052644
1.7781754163448145 1.7781754163448147 0 0.40740656669721548
1.7781754163448147 1.8749999999999998 0 0.24454296774678305
1.7781754163448147 1.9718245836551855 0 0.058494180052389405
1.875 0.028175416344814571 0 -0.035110724821612739
1.875 0.125 0 -0.14678521767374755
1.875 0.2218245836551854 0 -0.24454296496160854
1.875 0.27817541634481457 0 -0.29419703225119875
1.875 0.375 0 -0.35437087448031668
1.875 0.47182458365518543 0 -0.38094671028169258
1.875 0.52817541634481457 0 -0.3809467099437881
1.875 0.625 0 -0.3543708746755474
1.875 0.72182458365518543 0 -0.29419703560442612
1.875 0.77817541634481457 0 -0.24454297102344785
1.875 0.875 0 -0.14678522473772973
1.875 0.97182458365518554 0 -0.035110727537378102
1.875 1.0281754163448147 0 0.035110726652606936
1.875 1.125 0 0.14678522396811827
1.875 1.2218245836551855 0 0.2445429705145851
1.875 1.2781754163448147 0 0.29419703528563534
1.875 1.375 0 0.35437087431159259
1.875 1.4718245836551855 0 0.38094670900233651
1.875 1.5281754163448147 0 0.38094670885181525
1.875 1.625 0 0.35437087336323558
1.875 1.7218245836551855 0 0.2941970331047829
1.8749999999999998 1.7781754163448149 0 0.24454296752538865
1.875 1.875 0 0.1467852210961228
1.875 1.9718245836551855 0 0.035110726038799382
1.9718245836551855 0.028175416344814568 0 -0.0083984137495503996
1.9718245836551855 0.125 0 -0.035110724816083495
1.9718245836551855 0.22182458365518543 0 -0.058494179041782418
1.9718245836551855 0.27817541634481457 0 -0.070371331049643063
1.9718245836551855 0.375 0 -0.084764791849926704
1.9718245836551855 0.47182458365518543 0 -0.091121677736392598
1.9718245836551855 0.52817541634481457 0 -0.091121677623105232
1.9718245836551855 0.625 0 -0.0847647919024027
1.9718245836551855 0.72182458365518543 0 -0.070371332127800001
1.9718245836551855 0.77817541634481457 0 -0.058494181001735035
1.9718245836551855 0.875 0 -0.035110727088300861
1.9718245836551855 0.97182458365518554 0 -0.0083984145721917036
1.9718245836551855 1.0281754163448147 0 0.0083984144340279766
1.9718245836551855 1.125 0 0.035110726980160406
1.9718245836551855 1.2218245836551855 0 0.05849418096157432
1.9718245836551855 1.2781754163448147 0 0.070371332135570924
1.9718245836551855 1.375 0 0.084764791868095532
1.9718245836551855 1.4718245836551853 0 0.091121677369625204
1.9718245836551855 1.5281754163448147 0 0.091121677305564336
1.9718245836551855 1.625 0 0.084764791512624352
1.9718245836551855 1.7218245836551853 0 0.070371331378285051
1.9718245836551855 1.7781754163448147 0 0.058494179952583339
1.9718245836551855 1.875 0 0.035110726010678606
1.9718245836551855 1.9718245836551853 0 0.0083984141723949159
