-0.99523272013467268 -6.2613946979993163e-18 0 0.0019874805168687065
-0.96890233649018542 0.14140560316446443 0 0.0088465370365218669
-0.92154093873976428 0.28504960987971362 0 0.015583279338169147
-0.88392565753587371 0.36788599025312835 0 0.018820233462781263
-0.80221383850178818 0.50550991140474566 0 0.023274806515283044
-0.70031576759961878 0.63283184699898187 0 0.025360987069638099
-0.63283184699898187 0.70031576759961867 0 0.025859773264520287
-0.50550991140474577 0.80221383850178818 0 0.023734971492883117
-0.36788599025312835 0.8839256575358736 0 0.01917629627065932
-0.28504960987971367 0.92154093873976439 0 0.016421461754615434
-0.14140560316446443 0.96890233649018542 0 0.0093218246623809498
9.8393345254274974e-18 0.99523272013467268 0 0.0021196642607465856
-0.96890233649018542 -0.14140560316446446 0 0.0082241996104377071
-0.90895209488801065 0 0 0.035971883949841015
-0.83272341750452206 0.14247751458622002 0 0.062423803655367968
-0.78101669229062365 0.22472076466592814 0 0.076517368124499288
-0.68025600851285239 0.36273918124480092 0 0.093638589324962496
-0.56586826206621932 0.49388927398589738 0 0.10115667216178099
-0.49388927398589733 0.56586826206621921 0 0.10238800315809184
-0.36273918124480098 0.68025600851285251 0 0.094082252710934705
-0.22472076466592816 0.78101669229062354 0 0.076267577982037413
-0.14247751458622002 0.83272341750452195 0 0.063772325281768863
1.5421648874615151e-17 0.90895209488801065 0 0.036879306061080482
0.14140560316446446 0.96890233649018542 0 0.0085809004287190141
-0.92154093873976439 -0.28504960987971367 0 0.013292969168249156
-0.83272341750452183 -0.14247751458621999 0 0.05725741037493539
-0.73296655325141014 0 0 0.098071663319579144
-0.670157036324453 0.082207659541889522 0 0.12041096153351452
-0.55472841829905184 0.22105844193671789 0 0.14639528983942693
-0.43084244049298664 0.35539520554709847 0 0.15753297082849579
-0.35539520554709847 0.43084244049298664 0 0.15870964893241993
-0.22105844193671789 0.55472841829905195 0 0.1463199137401302
-0.082207659541889494 0.67015703632445311 0 0.11934310530800893
1.5995902376477607e-17 0.73296655325141002 0 0.099009169389586232
0.14247751458622004 0.83272341750452195 0 0.058180883012731589
0.28504960987971367 0.92154093873976439 0 0.013804119303477184
-0.88392565753587349 -0.36788599025312829 0 0.015192377262609242
-0.78101669229062354 -0.22472076466592814 0 0.066453414531213589
-0.670157036324453 -0.082207659541889494 0 0.11406561804133082
-0.60222421165569506 4.0378713452520343e-18 0 0.1379844999442551
-0.48013696223866087 0.13924247999798997 0 0.16793031683923837
-0.35199914035840446 0.27500646814645646 0 0.18093922285463776
-0.27500646814645641 0.35199914035840441 0 0.18064992803186894
-0.13924247999798992 0.48013696223866098 0 0.16694237322076713
1.16088801175996e-17 0.60222421165569506 0 0.13659585528781953
0.082207659541889494 0.67015703632445323 0 0.1129489682303756
0.22472076466592814 0.78101669229062354 0 0.065908418251040712
0.36788599025312829 0.88392565753587349 0 0.015312185710174496
-0.80221383850178796 -0.50550991140474566 0 0.017876177797041516
-0.68025600851285239 -0.36273918124480092 0 0.077319301295806747
-0.55472841829905195 -0.22105844193671786 0 0.13180047653289167
-0.48013696223866098 -0.13924247999798994 0 0.1596018896895838
-0.3495278739885912 2.437192542233821e-17 0 0.19364970923466465
-0.21609180103501605 0.1372569363946356 0 0.20853774342003681
-0.13725693639463554 0.21609180103501602 0 0.20838556552121723
1.6247950281558812e-17 0.34952787398859131 0 0.19297723979766421
0.13924247999798997 0.48013696223866092 0 0.15850081237050995
0.22105844193671792 0.55472841829905195 0 0.13178308657804472
0.36273918124480098 0.68025600851285251 0 0.077467870863026714
0.50550991140474566 0.80221383850178796 0 0.018084074434165685
-0.70031576759961867 -0.63283184699898187 0 0.019097239884627318
-0.56586826206621932 -0.49388927398589733 0 0.081939414210881314
-0.43084244049298664 -0.35539520554709847 0 0.13921992598902022
-0.35199914035840435 -0.27500646814645641 0 0.16886100388383082
-0.21609180103501602 -0.13725693639463554 0 0.2048367669985833
-0.079648556564648518 0 0 0.2206843396305101
1.6258811636168154e-17 0.079648556564648518 0 0.22064715720606207
0.1372569363946356 0.21609180103501607 0 0.20468011650072482
0.27500646814645641 0.35199914035840441 0 0.16852852052953812
0.35539520554709847 0.4308424404929867 0 0.14074439776725711
0.49388927398589733 0.56586826206621932 0 0.083116352053473327
0.63283184699898187 0.70031576759961867 0 0.019445124945345192
-0.63283184699898187 -0.70031576759961855 0 0.019445117930395436
-0.49388927398589727 -0.56586826206621932 0 0.083116330022062881
-0.35539520554709847 -0.43084244049298664 0 0.14074437477982055
-0.27500646814645641 -0.35199914035840441 0 0.16852850217456339
-0.13725693639463554 -0.21609180103501602 0 0.20468010662106489
5.0808786363025492e-19 -0.079648556564648518 0 0.22064715412852909
0.079648556564648518 -1.0161757272605096e-18 0 0.22068433984307792
0.21609180103501607 0.1372569363946356 0 0.20483677578350343
0.35199914035840441 0.27500646814645646 0 0.16886102523196178
0.4308424404929867 0.35539520554709847 0 0.13921995548343405
0.56586826206621943 0.49388927398589733 0 0.081939443501050119
0.70031576759961855 0.63283184699898187 0 0.019097249234594136
-0.50550991140474577 -0.80221383850178807 0 0.018084071079106999
-0.36273918124480098 -0.68025600851285251 0 0.077467858523577585
-0.22105844193671789 -0.55472841829905195 0 0.13178306926203534
-0.13924247999798997 -0.48013696223866098 0 0.15850079373906709
0 -0.34952787398859125 0 0.19297722189422623
0.13725693639463557 -0.2160918010350161 0 0.20838555178767801
0.21609180103501605 -0.13725693639463557 0 0.20853773365138334
0.34952787398859131 0 0 0.19364970967839912
0.48013696223866092 0.13924247999798994 0 0.15960190457233264
0.55472841829905195 0.22105844193671789 0 0.13180050109003477
0.68025600851285251 0.36273918124480103 0 0.077319327778216498
0.80221383850178807 0.50550991140474577 0 0.017876186450419829
-0.3678859902531284 -0.88392565753587349 0 0.015312184353283489
-0.22472076466592808 -0.78101669229062354 0 0.065908409551953678
-0.08220765954188948 -0.67015703632445311 0 0.11294894814654582
-1.6151485381008134e-17 -0.60222421165569495 0 0.13659582711348861
0.13924247999798989 -0.48013696223866087 0 0.16694233790024704
0.27500646814645641 -0.35199914035840446 0 0.18064989518926861
0.35199914035840441 -0.27500646814645646 0 0.18093919545063289
0.48013696223866092 -0.13924247999798994 0 0.16793029914359364
0.60222421165569506 1.615148538100814e-17 0 0.13798449142092581
0.67015703632445311 0.082207659541889494 0 0.11406561528649173
0.78101669229062354 0.22472076466592814 0 0.066453416604802085
0.88392565753587349 0.3678859902531284 0 0.015192378503350784
-0.28504960987971378 -0.92154093873976439 0 0.013804118330875898
-0.14247751458621999 -0.83272341750452195 0 0.058180873680363912
3.9989755941194011e-18 -0.73296655325140991 0 0.099009144354920572
0.08220765954188948 -0.670157036324453 0 0.11934306892811797
0.22105844193671786 -0.55472841829905195 0 0.14631986636456631
0.35539520554709847 -0.4308424404929867 0 0.15870960376825841
0.4308424404929867 -0.35539520554709852 0 0.1575329311927704
0.55472841829905195 -0.22105844193671792 0 0.14639525889359767
0.67015703632445311 -0.082207659541889508 0 0.12041093454387565
0.73296655325141002 -2.9992316955895514e-18 0 0.098071636019252117
0.83272341750452195 0.14247751458622002 0 0.057257389601012912
0.92154093873976439 0.28504960987971378 0 0.013292963324420906
-0.14140560316446443 -0.96890233649018531 0 0.0085809000149593348
7.7108244373075755e-18 -0.90895209488801065 0 0.036879298296987925
0.14247751458621999 -0.83272341750452183 0 0.063772301345454779
0.22472076466592816 -0.78101669229062365 0 0.076267542648910502
0.36273918124480087 -0.68025600851285251 0 0.094082205274417477
0.49388927398589727 -0.56586826206621932 0 0.10238795686729776
0.56586826206621921 -0.49388927398589733 0 0.10115663166581862
0.68025600851285239 -0.36273918124480098 0 0.093638554598597101
0.78101669229062365 -0.22472076466592819 0 0.076517331797412616
0.83272341750452195 -0.14247751458622002 0 0.062423763138220387
0.90895209488801065 0 0 0.03597185021630589
0.96890233649018531 0.14140560316446443 0 0.0082241897270397477
0 -0.99523272013467268 0 0.0021196641979561734
0.14140560316446443 -0.96890233649018542 0 0.0093218223134465383
0.28504960987971362 -0.92154093873976428 0 0.016421453945937338
0.36788599025312835 -0.88392565753587371 0 0.0191762849604683
0.50550991140474566 -0.80221383850178818 0 0.023734956116806486
0.63283184699898187 -0.70031576759961878 0 0.025859758117800898
0.70031576759961867 -0.63283184699898187 0 0.025360974000336056
0.80221383850178818 -0.50550991140474577 0 0.02327479501371648
0.88392565753587349 -0.36788599025312835 0 0.018820220863643284
0.92154093873976428 -0.28504960987971362 0 0.015583264741985669
0.96890233649018542 -0.14140560316446443 0 0.0088465247748791206
0.99523272013467268 3.5779398274281811e-18 0 0.0019874769421595368
