-5.65685 -5.67 -5.68291 -5.69559 -5.70804 -5.72024 -5.7322 -5.74392 -5.75539 -5.7666 -5.77756 -5.78825 -5.79868 -5.80884 -5.81874 -5.82835 -5.83769 -5.84675 -5.85552 -5.864 -5.87219 -5.88009 -5.88768 -5.89498 -5.90197 -5.90865 -5.91501 -5.92107 -5.9268 -5.93221 -5.9373 -5.94206 -5.94649 -5.95058 -5.95434 -5.95776 -5.96084 -5.96356 -5.96595 -5.96798 -5.96965 -5.97097 -5.97193 -5.97253 -5.97276 -5.97263 -5.97213 -5.97126 -5.97001 -5.96839 -5.96638 -5.964 -5.96124 -5.95809 -5.95455 -5.95063 -5.94631 -5.94161 -5.93651 -5.93102 -5.92512 -5.91884 -5.91215 -5.90506 -5.89757 -5.88968 -5.88138 -5.87268 -5.86357 -5.85405 -5.84413 -5.8338 -5.82306 -5.81191 -5.80035 -5.78838 -5.776 -5.76321 -5.75001 -5.7364 -5.72238 -5.70795 -5.69311 -5.67787 -5.66221 -5.64614 -5.62967 -5.61278 -5.5955 -5.57781 -5.55971 -5.54121 -5.52231 -5.503 -5.4833 -5.4632 -5.44271 -5.42182 -5.40054 -5.37886 -5.3568 -5.33435 -5.31152 -5.2883 -5.2647 -5.24073 -5.21638 -5.19166 -5.16656 -5.1411 -5.11528 -5.08909 -5.06254 -5.03564 -5.00839 -4.98078 -4.95283 -4.92454 -4.89591 -4.86694 -4.83764 -4.80801 -4.77806 -4.74778 -4.71719 -4.68629 -4.65508 -4.62356 -4.59175 -4.55963 -4.52723 -4.49454 -4.46156 -4.42831 -4.39478 -4.36098 -4.32692 -4.2926 -4.25802 -4.2232 -4.18812 -4.15281 -4.11726 -4.08148 -4.04548 -4.00925 -3.97281 -3.93616 -3.8993 -3.86225 -3.825 -3.78756 -3.74994 -3.71213 -3.67416 -3.63602 -3.59771 -3.55925 -3.52064 -3.48188 -3.44298 -3.40394 -3.36478 -3.32549 -3.28608 -3.24656 -3.20693 -3.1672 -3.12737 -3.08745 -3.04745 -3.00736 -2.9672 -2.92697 -2.88668 -2.84633 -2.80592 -2.76547 -2.72498 -2.68444 -2.64388 -2.60329 -2.56268 -2.52205 -2.48142 -2.44078 -2.40013 -2.3595 -2.31887 -2.27826 -2.23767 -2.1971 -2.15656 -2.11606 -2.0756 -2.03518 -1.99482 -1.9545 -1.91425 -1.87406 -1.83394 -1.79389 -1.75392 -1.71403 -1.67422 -1.63451 -1.59489 -1.55537 -1.51595 -1.47664 -1.43744 -1.39836 -1.3594 -1.32056 -1.28184 -1.24326 -1.20481 -1.1665 -1.12833 -1.09031 -1.05244 -1.01471 -0.977148 -0.93974 -0.902494 -0.865414 -0.828501 -0.79176 -0.755193 -0.718803 -0.682594 -0.646567 -0.610725 -0.575072 -0.539609 -0.504339 -0.469265 -0.43439 -0.399714 -0.365241 -0.330973 -0.296913 -0.263061 -0.22942 -0.195992 -0.162779 -0.129783 -0.0970053 -0.0644479 -0.0321122 0 0 0 0 0 0 0 0 0 0 0 0 0 0 0 0 0 0 0 0 0 0 0 0 0 0 0 0 0 0 0 0 0 0 0 0 0 0 0 0 0 0 0 0 0 0 0 0 0 0 0 0 0 0 0 0 0 0 0 0 0 0 0 0 0 0 0 0 0 0 0 0 0 0 0 0 0 0 0 0 0 0 0 0 0 0 0 0 0 0 0 0 0 0 0 0 0 0 0 0 0 0 0 0 0 0 0 0 0 0 0 0 0 0 0 0 0 0 0 0 0 0 0 0 0 0 0 0 0 0 0 0 0 0 0 0 0 0 0 0 0 0 0 0 0 0 0 0 0 0 0 0 0 0 0 0 0 0 0 0 0 0 0 0 0 0 0 0 0 0 0 0 0 0 0 0 0 0 0 0 0 0 0 0 0 0 0 0 0 0 0 0 0 0 0 0 0 0 0 0 0 0 0 0 0 0 0 0 0 0 0 0 0 0 0 0 0 0 0 0 0 0 0 0 0 0 0 0 0 0 0 0 0 0 0 0 0 0 0 0 0 0 0 0 0 0 0 0 0 0 0 0 0 0 0 0 0 0 0 0 0 0 0 0 0 0 0 0 0 0 0 0 0 0 0 0 0 0 0 0 0 0 0 0 0 0 0 0 0 0 0 0 0 0 0 0 0 0 0 0 0 0 0 0 0 0 0 0 0 0 0 0 0 0 0 0 0 0 0 0 0 0 0 0 0 0 0 0 0 0 0 0 0 0 0 0 0 0 0 0 0 0 0 0 0 0 0 0 0 0 0 0 0 0 0 0 0 0 0 0 0 0 0 0 0 0 0 0 0 0 0 0 0 0 0 0 0 0 0 0 0 0 0 0 0 0 0 0 0 0 0 0 0 0 0 0 0 0 0 0 0 0 0 0 0 0 0 0 0 0 0 0 0 0 0 0 0 0 0 0 0 0 0 0 0 0 0 0 0 0 0 0 0 0 0 0 0 0 0 0 0 0 0 0 0 0 0 0 0 0 0 0 0 0 0 0 0 0 0 0 0 0 0 0 0 0 0 0 0 0 0 0 0 0 0 0 0 0 0 0 0 0 0 0 0 0 0 0 0 0 0 0 0 0 0 0 0 0 0 0 0 0 0 0 0 0 0 0 0 0 0 0 0 0 0 0 0 0 0 0 0 0 0 0 0 0 0 0 0 0 0 0 0 0 0 0 0 0 0 0 0 0 0 0 0 0 0 0 0 0 0 0 0 0 0 0 0 0 0 0 0 0 0 0 0 0 0 0 0 0 0 0 0 0 0 0 0 0 0 0 0 0 0 0 0 0 0 0 0 0 0 0 0 0 0 0 0 0 0 0 0 0 0 0 0 0 0 0 0 0 0 0 0 0 0 0 0 0 0 0 0 0 0 0 0 0 0 0 0 0 0 0 0 0 0 0 0 0 0 0 0 0 0 0 0 0 0 0 0 0 0 0 0 0 0 0 0 0 0 0 0 0 0 0 0 0 0 0 0 0 0 0 0 0 0 0 0 0 0 0 0 0 0 0 0 0 0 0 0 0 0 0 0 0 0 0 0 0 0 0 0 0 0 0 0 0 0 0 0 0 0 0 0 0 0 0 0 0 0 0 0 0 0 0 0 0 0 0 0 0 0 0 0 0 0 0 0 0 0 0 0 0 0 0 0 0 0 0 0 0 0 
5.65685 5.63788 5.61846 5.59858 5.57825 5.55746 5.53621 5.5145 5.49233 5.46969 5.44658 5.42301 5.39897 5.37446 5.34947 5.32401 5.29808 5.27168 5.24479 5.21744 5.1896 5.16128 5.13249 5.10322 5.07346 5.04323 5.01252 4.98133 4.94965 4.9175 4.88486 4.85175 4.81815 4.78408 4.74953 4.7145 4.67899 4.64301 4.60655 4.56961 4.53221 4.49433 4.45598 4.41716 4.37787 4.33812 4.29791 4.25723 4.21609 4.1745 4.13244 4.08994 4.04699 4.00358 3.95973 3.91544 3.87071 3.82555 3.77995 3.73391 3.68746 3.64058 3.59328 3.54556 3.49743 3.4489 3.39996 3.35062 3.30089 3.25076 3.20025 3.14935 3.09808 3.04644 2.99443 2.94206 2.88932 2.83624 2.78281 2.72904 2.67494 2.6205 2.56575 2.51067 2.45528 2.39958 2.34359 2.2873 2.23072 2.17386 2.11673 2.05933 2.00167 1.94375 1.88559 1.82719 1.76855 1.70968 1.6506 1.5913 1.5318 1.4721 1.41221 1.35214 1.29189 1.23148 1.1709 1.11017 1.0493 0.988292 0.927153 0.865893 0.804519 0.743041 0.681464 0.619798 0.558051 0.49623 0.434345 0.372402 0.31041 0.248377 0.186311 0.124221 0.0621147 0 -0.0621147 -0.124221 -0.186311 -0.248377 -0.31041 -0.372402 -0.434345 -0.49623 -0.558051 -0.619798 -0.681464 -0.743041 -0.804519 -0.865893 -0.927153 -0.988292 -1.0493 -1.11017 -1.1709 -1.23148 -1.29189 -1.35214 -1.41221 -1.4721 -1.5318 -1.5913 -1.6506 -1.70968 -1.76855 -1.82719 -1.88559 -1.94375 -2.00167 -2.05933 -2.11673 -2.17386 -2.23072 -2.2873 -2.34359 -2.39958 -2.45528 -2.51067 -2.56575 -2.6205 -2.67494 -2.72904 -2.78281 -2.83624 -2.88932 -2.94206 -2.99443 -3.04644 -3.09808 -3.14935 -3.20025 -3.25076 -3.30089 -3.35062 -3.39996 -3.4489 -3.49743 -3.54556 -3.59328 -3.64058 -3.68746 -3.73391 -3.77995 -3.82555 -3.87071 -3.91544 -3.95973 -4.00358 -4.04699 -4.08994 -4.13244 -4.1745 -4.21609 -4.25723 -4.29791 -4.33812 -4.37787 -4.41716 -4.45598 -4.49433 -4.53221 -4.56961 -4.60655 -4.64301 -4.67899 -4.7145 -4.74953 -4.78408 -4.81815 -4.85175 -4.88486 -4.9175 -4.94965 -4.98133 -5.01252 -5.04323 -5.07346 -5.10322 -5.13249 -5.16128 -5.1896 -5.21744 -5.24479 -5.27168 -5.29808 -5.32401 -5.34947 -5.37446 -5.39897 -5.42301 -5.44658 -5.46969 -5.49233 -5.5145 -5.53621 -5.55746 -5.57825 -5.59858 -5.61846 -5.63788 0 0 0 0 0 0 0 0 0 0 0 0 0 0 0 0 0 0 0 0 0 0 0 0 0 0 0 0 0 0 0 0 0 0 0 0 0 0 0 0 0 0 0 0 0 0 0 0 0 0 0 0 0 0 0 0 0 0 0 0 0 0 0 0 0 0 0 0 0 0 0 0 0 0 0 0 0 0 0 0 0 0 0 0 0 0 0 0 0 0 0 0 0 0 0 0 0 0 0 0 0 0 0 0 0 0 0 0 0 0 0 0 0 0 0 0 0 0 0 0 0 0 0 0 0 0 0 0 0 0 0 0 0 0 0 0 0 0 0 0 0 0 0 0 0 0 0 0 0 0 0 0 0 0 0 0 0 0 0 0 0 0 0 0 0 0 0 0 0 0 0 0 0 0 0 0 0 0 0 0 0 0 0 0 0 0 0 0 0 0 0 0 0 0 0 0 0 0 0 0 0 0 0 0 0 0 0 0 0 0 0 0 0 0 0 0 0 0 0 0 0 0 0 0 0 0 0 0 0 0 0 0 0 0 0 0 0 0 0 0 0 0 0 0 0 0 0 0 0 0 0 0 0 0 0 0 0 0 0 0 0 0 0 0 0 0 0 0 0 0 0 0 0 0 0 0 0 0 0 0 0 0 0 0 0 0 0 0 0 0 0 0 0 0 0 0 0 0 0 0 0 0 0 0 0 0 0 0 0 0 0 0 0 0 0 0 0 0 0 0 0 0 0 0 0 0 0 0 0 0 0 0 0 0 0 0 0 0 0 0 0 0 0 0 0 0 0 0 0 0 0 0 0 0 0 0 0 0 0 0 0 0 0 0 0 0 0 0 0 0 0 0 0 0 0 0 0 0 0 0 0 0 0 0 0 0 0 0 0 0 0 0 0 0 0 0 0 0 0 0 0 0 0 0 0 0 0 0 0 0 0 0 0 0 0 0 0 0 0 0 0 0 0 0 0 0 0 0 0 0 0 0 0 0 0 0 0 0 0 0 0 0 0 0 0 0 0 0 0 0 0 0 0 0 0 0 0 0 0 0 0 0 0 0 0 0 0 0 0 0 0 0 0 0 0 0 0 0 0 0 0 0 0 0 0 0 0 0 0 0 0 0 0 0 0 0 0 0 0 0 0 0 0 0 0 0 0 0 0 0 0 0 0 0 0 0 0 0 0 0 0 0 0 0 0 0 0 0 0 0 0 0 0 0 0 0 0 0 0 0 0 0 0 0 0 0 0 0 0 0 0 0 0 0 0 0 0 0 0 0 0 0 0 0 0 0 0 0 0 0 0 0 0 0 0 0 0 0 0 0 0 0 0 0 0 0 0 0 0 0 0 0 0 0 0 0 0 0 0 0 0 0 0 0 0 0 0 0 0 0 0 0 0 0 0 0 0 0 0 0 0 0 0 0 0 0 0 0 0 0 0 0 0 0 0 0 0 0 0 0 0 0 0 0 0 0 0 0 0 0 0 0 0 0 0 0 0 0 0 0 0 0 0 0 0 0 0 0 0 0 0 0 0 0 0 0 0 0 0 0 0 0 0 0 0 0 0 0 0 0 0 0 0 0 0 0 0 0 0 0 0 0 0 0 0 0 0 0 0 0 0 0 0 0 0 0 0 0 0 0 0 0 0 0 0 0 0 0 0 0 0 0 0 0 0 0 0 0 0 0 0 0 0 0 0 0 0 0 0 0 0 
0 0.0321122 0.0644479 0.0970053 0.129783 0.162779 0.195992 0.22942 0.263061 0.296913 0.330973 0.365241 0.399714 0.43439 0.469265 0.504339 0.539609 0.575072 0.610725 0.646567 0.682594 0.718803 0.755193 0.79176 0.828501 0.865414 0.902494 0.93974 0.977148 1.01471 1.05244 1.09031 1.12833 1.1665 1.20481 1.24326 1.28184 1.32056 1.3594 1.39836 1.43744 1.47664 1.51595 1.55537 1.59489 1.63451 1.67422 1.71403 1.75392 1.79389 1.83394 1.87406 1.91425 1.9545 1.99482 2.03518 2.0756 2.11606 2.15656 2.1971 2.23767 2.27826 2.31887 2.3595 2.40013 2.44078 2.48142 2.52205 2.56268 2.60329 2.64388 2.68444 2.72498 2.76547 2.80592 2.84633 2.88668 2.92697 2.9672 3.00736 3.04745 3.08745 3.12737 3.1672 3.20693 3.24656 3.28608 3.32549 3.36478 3.40394 3.44298 3.48188 3.52064 3.55925 3.59771 3.63602 3.67416 3.71213 3.74994 3.78756 3.825 3.86225 3.8993 3.93616 3.97281 4.00925 4.04548 4.08148 4.11726 4.15281 4.18812 4.2232 4.25802 4.2926 4.32692 4.36098 4.39478 4.42831 4.46156 4.49454 4.52723 4.55963 4.59175 4.62356 4.65508 4.68629 4.71719 4.74778 4.77806 4.80801 4.83764 4.86694 4.89591 4.92454 4.95283 4.98078 5.00839 5.03564 5.06254 5.08909 5.11528 5.1411 5.16656 5.19166 5.21638 5.24073 5.2647 5.2883 5.31152 5.33435 5.3568 5.37886 5.40054 5.42182 5.44271 5.4632 5.4833 5.503 5.52231 5.54121 5.55971 5.57781 5.5955 5.61278 5.62967 5.64614 5.66221 5.67787 5.69311 5.70795 5.72238 5.7364 5.75001 5.76321 5.776 5.78838 5.80035 5.81191 5.82306 5.8338 5.84413 5.85405 5.86357 5.87268 5.88138 5.88968 5.89757 5.90506 5.91215 5.91884 5.92512 5.93102 5.93651 5.94161 5.94631 5.95063 5.95455 5.95809 5.96124 5.964 5.96638 5.96839 5.97001 5.97126 5.97213 5.97263 5.97276 5.97253 5.97193 5.97097 5.96965 5.96798 5.96595 5.96356 5.96084 5.95776 5.95434 5.95058 5.94649 5.94206 5.9373 5.93221 5.9268 5.92107 5.91501 5.90865 5.90197 5.89498 5.88768 5.88009 5.87219 5.864 5.85552 5.84675 5.83769 5.82835 5.81874 5.80884 5.79868 5.78825 5.77756 5.7666 5.75539 5.74392 5.7322 5.72024 5.70804 5.69559 5.68291 5.67 -5.65685 -5.67 -5.68291 -5.69559 -5.70804 -5.72024 -5.7322 -5.74392 -5.75539 -5.7666 -5.77756 -5.78825 -5.79868 -5.80884 -5.81874 -5.82835 -5.83769 -5.84675 -5.85552 -5.864 -5.87219 -5.88009 -5.88768 -5.89498 -5.90197 -5.90865 -5.91501 -5.92107 -5.9268 -5.93221 -5.9373 -5.94206 -5.94649 -5.95058 -5.95434 -5.95776 -5.96084 -5.96356 -5.96595 -5.96798 -5.96965 -5.97097 -5.97193 -5.97253 -5.97276 -5.97263 -5.97213 -5.97126 -5.97001 -5.96839 -5.96638 -5.964 -5.96124 -5.95809 -5.95455 -5.95063 -5.94631 -5.94161 -5.93651 -5.93102 -5.92512 -5.91884 -5.91215 -5.90506 -5.89757 -5.88968 -5.88138 -5.87268 -5.86357 -5.85405 -5.84413 -5.8338 -5.82306 -5.81191 -5.80035 -5.78838 -5.776 -5.76321 -5.75001 -5.7364 -5.72238 -5.70795 -5.69311 -5.67787 -5.66221 -5.64614 -5.62967 -5.61278 -5.5955 -5.57781 -5.55971 -5.54121 -5.52231 -5.503 -5.4833 -5.4632 -5.44271 -5.42182 -5.40054 -5.37886 -5.3568 -5.33435 -5.31152 -5.2883 -5.2647 -5.24073 -5.21638 -5.19166 -5.16656 -5.1411 -5.11528 -5.08909 -5.06254 -5.03564 -5.00839 -4.98078 -4.95283 -4.92454 -4.89591 -4.86694 -4.83764 -4.80801 -4.77806 -4.74778 -4.71719 -4.68629 -4.65508 -4.62356 -4.59175 -4.55963 -4.52723 -4.49454 -4.46156 -4.42831 -4.39478 -4.36098 -4.32692 -4.2926 -4.25802 -4.2232 -4.18812 -4.15281 -4.11726 -4.08148 -4.04548 -4.00925 -3.97281 -3.93616 -3.8993 -3.86225 -3.825 -3.78756 -3.74994 -3.71213 -3.67416 -3.63602 -3.59771 -3.55925 -3.52064 -3.48188 -3.44298 -3.40394 -3.36478 -3.32549 -3.28608 -3.24656 -3.20693 -3.1672 -3.12737 -3.08745 -3.04745 -3.00736 -2.9672 -2.92697 -2.88668 -2.84633 -2.80592 -2.76547 -2.72498 -2.68444 -2.64388 -2.60329 -2.56268 -2.52205 -2.48142 -2.44078 -2.40013 -2.3595 -2.31887 -2.27826 -2.23767 -2.1971 -2.15656 -2.11606 -2.0756 -2.03518 -1.99482 -1.9545 -1.91425 -1.87406 -1.83394 -1.79389 -1.75392 -1.71403 -1.67422 -1.63451 -1.59489 -1.55537 -1.51595 -1.47664 -1.43744 -1.39836 -1.3594 -1.32056 -1.28184 -1.24326 -1.20481 -1.1665 -1.12833 -1.09031 -1.05244 -1.01471 -0.977148 -0.93974 -0.902494 -0.865414 -0.828501 -0.79176 -0.755193 -0.718803 -0.682594 -0.646567 -0.610725 -0.575072 -0.539609 -0.504339 -0.469265 -0.43439 -0.399714 -0.365241 -0.330973 -0.296913 -0.263061 -0.22942 -0.195992 -0.162779 -0.129783 -0.0970053 -0.0644479 -0.0321122 0 0 0 0 0 0 0 0 0 0 0 0 0 0 0 0 0 0 0 0 0 0 0 0 0 0 0 0 0 0 0 0 0 0 0 0 0 0 0 0 0 0 0 0 0 0 0 0 0 0 0 0 0 0 0 0 0 0 0 0 0 0 0 0 0 0 0 0 0 0 0 0 0 0 0 0 0 0 0 0 0 0 0 0 0 0 0 0 0 0 0 0 0 0 0 0 0 0 0 0 0 0 0 0 0 0 0 0 0 0 0 0 0 0 0 0 0 0 0 0 0 0 0 0 0 0 0 0 0 0 0 0 0 0 0 0 0 0 0 0 0 0 0 0 0 0 0 0 0 0 0 0 0 0 0 0 0 0 0 0 0 0 0 0 0 0 0 0 0 0 0 0 0 0 0 0 0 0 0 0 0 0 0 0 0 0 0 0 0 0 0 0 0 0 0 0 0 0 0 0 0 0 0 0 0 0 0 0 0 0 0 0 0 0 0 0 0 0 0 0 0 0 0 0 0 0 0 0 0 0 0 0 0 0 0 0 0 0 0 0 0 0 0 0 0 0 0 0 0 0 0 0 0 0 0 0 0 0 0 0 0 0 0 0 0 0 0 0 0 0 0 0 0 0 0 0 0 0 0 0 0 0 0 0 0 0 0 0 0 0 0 0 0 0 0 0 0 0 0 0 0 0 0 0 0 0 0 0 0 0 0 0 0 0 0 0 0 0 0 0 0 0 0 0 0 0 0 0 0 0 0 0 0 0 0 0 0 0 0 0 0 0 0 0 0 0 0 0 0 0 0 0 0 0 0 0 0 0 0 0 0 0 0 0 0 0 0 0 0 0 0 0 0 0 0 0 0 0 0 0 0 0 0 0 0 0 0 0 0 0 0 0 0 0 0 0 0 0 0 0 0 0 0 0 0 0 0 0 0 0 0 0 0 0 0 0 0 0 0 0 0 0 0 0 0 0 0 0 0 0 0 0 0 0 0 0 0 0 0 0 0 0 0 0 0 0 0 0 0 0 0 0 0 0 0 0 0 0 0 0 0 0 0 0 0 0 0 0 0 0 0 0 0 0 0 0 0 0 0 0 0 0 0 0 0 0 0 0 0 0 0 0 0 0 0 0 0 0 0 0 0 
0 0 0 0 0 0 0 0 0 0 0 0 0 0 0 0 0 0 0 0 0 0 0 0 0 0 0 0 0 0 0 0 0 0 0 0 0 0 0 0 0 0 0 0 0 0 0 0 0 0 0 0 0 0 0 0 0 0 0 0 0 0 0 0 0 0 0 0 0 0 0 0 0 0 0 0 0 0 0 0 0 0 0 0 0 0 0 0 0 0 0 0 0 0 0 0 0 0 0 0 0 0 0 0 0 0 0 0 0 0 0 0 0 0 0 0 0 0 0 0 0 0 0 0 0 0 0 0 0 0 0 0 0 0 0 0 0 0 0 0 0 0 0 0 0 0 0 0 0 0 0 0 0 0 0 0 0 0 0 0 0 0 0 0 0 0 0 0 0 0 0 0 0 0 0 0 0 0 0 0 0 0 0 0 0 0 0 0 0 0 0 0 0 0 0 0 0 0 0 0 0 0 0 0 0 0 0 0 0 0 0 0 0 0 0 0 0 0 0 0 0 0 0 0 0 0 0 0 0 0 0 0 0 0 0 0 0 0 0 0 0 0 0 0 0 0 0 0 0 0 5.65685 5.63788 5.61846 5.59858 5.57825 5.55746 5.53621 5.5145 5.49233 5.46969 5.44658 5.42301 5.39897 5.37446 5.34947 5.32401 5.29808 5.27168 5.24479 5.21744 5.1896 5.16128 5.13249 5.10322 5.07346 5.04323 5.01252 4.98133 4.94965 4.9175 4.88486 4.85175 4.81815 4.78408 4.74953 4.7145 4.67899 4.64301 4.60655 4.56961 4.53221 4.49433 4.45598 4.41716 4.37787 4.33812 4.29791 4.25723 4.21609 4.1745 4.13244 4.08994 4.04699 4.00358 3.95973 3.91544 3.87071 3.82555 3.77995 3.73391 3.68746 3.64058 3.59328 3.54556 3.49743 3.4489 3.39996 3.35062 3.30089 3.25076 3.20025 3.14935 3.09808 3.04644 2.99443 2.94206 2.88932 2.83624 2.78281 2.72904 2.67494 2.6205 2.56575 2.51067 2.45528 2.39958 2.34359 2.2873 2.23072 2.17386 2.11673 2.05933 2.00167 1.94375 1.88559 1.82719 1.76855 1.70968 1.6506 1.5913 1.5318 1.4721 1.41221 1.35214 1.29189 1.23148 1.1709 1.11017 1.0493 0.988292 0.927153 0.865893 0.804519 0.743041 0.681464 0.619798 0.558051 0.49623 0.434345 0.372402 0.31041 0.248377 0.186311 0.124221 0.0621147 0 -0.0621147 -0.124221 -0.186311 -0.248377 -0.31041 -0.372402 -0.434345 -0.49623 -0.558051 -0.619798 -0.681464 -0.743041 -0.804519 -0.865893 -0.927153 -0.988292 -1.0493 -1.11017 -1.1709 -1.23148 -1.29189 -1.35214 -1.41221 -1.4721 -1.5318 -1.5913 -1.6506 -1.70968 -1.76855 -1.82719 -1.88559 -1.94375 -2.00167 -2.05933 -2.11673 -2.17386 -2.23072 -2.2873 -2.34359 -2.39958 -2.45528 -2.51067 -2.56575 -2.6205 -2.67494 -2.72904 -2.78281 -2.83624 -2.88932 -2.94206 -2.99443 -3.04644 -3.09808 -3.14935 -3.20025 -3.25076 -3.30089 -3.35062 -3.39996 -3.4489 -3.49743 -3.54556 -3.59328 -3.64058 -3.68746 -3.73391 -3.77995 -3.82555 -3.87071 -3.91544 -3.95973 -4.00358 -4.04699 -4.08994 -4.13244 -4.1745 -4.21609 -4.25723 -4.29791 -4.33812 -4.37787 -4.41716 -4.45598 -4.49433 -4.53221 -4.56961 -4.60655 -4.64301 -4.67899 -4.7145 -4.74953 -4.78408 -4.81815 -4.85175 -4.88486 -4.9175 -4.94965 -4.98133 -5.01252 -5.04323 -5.07346 -5.10322 -5.13249 -5.16128 -5.1896 -5.21744 -5.24479 -5.27168 -5.29808 -5.32401 -5.34947 -5.37446 -5.39897 -5.42301 -5.44658 -5.46969 -5.49233 -5.5145 -5.53621 -5.55746 -5.57825 -5.59858 -5.61846 -5.63788 0 0 0 0 0 0 0 0 0 0 0 0 0 0 0 0 0 0 0 0 0 0 0 0 0 0 0 0 0 0 0 0 0 0 0 0 0 0 0 0 0 0 0 0 0 0 0 0 0 0 0 0 0 0 0 0 0 0 0 0 0 0 0 0 0 0 0 0 0 0 0 0 0 0 0 0 0 0 0 0 0 0 0 0 0 0 0 0 0 0 0 0 0 0 0 0 0 0 0 0 0 0 0 0 0 0 0 0 0 0 0 0 0 0 0 0 0 0 0 0 0 0 0 0 0 0 0 0 0 0 0 0 0 0 0 0 0 0 0 0 0 0 0 0 0 0 0 0 0 0 0 0 0 0 0 0 0 0 0 0 0 0 0 0 0 0 0 0 0 0 0 0 0 0 0 0 0 0 0 0 0 0 0 0 0 0 0 0 0 0 0 0 0 0 0 0 0 0 0 0 0 0 0 0 0 0 0 0 0 0 0 0 0 0 0 0 0 0 0 0 0 0 0 0 0 0 0 0 0 0 0 0 0 0 0 0 0 0 0 0 0 0 0 0 0 0 0 0 0 0 0 0 0 0 0 0 0 0 0 0 0 0 0 0 0 0 0 0 0 0 0 0 0 0 0 0 0 0 0 0 0 0 0 0 0 0 0 0 0 0 0 0 0 0 0 0 0 0 0 0 0 0 0 0 0 0 0 0 0 0 0 0 0 0 0 0 0 0 0 0 0 0 0 0 0 0 0 0 0 0 0 0 0 0 0 0 0 0 0 0 0 0 0 0 0 0 0 0 0 0 0 0 0 0 0 0 0 0 0 0 0 0 0 0 0 0 0 0 0 0 0 0 0 0 0 0 0 0 0 0 0 0 0 0 0 0 0 0 0 0 0 0 0 0 0 0 0 0 0 0 0 0 0 0 0 0 0 0 0 0 0 0 0 0 0 0 0 0 0 0 0 0 0 0 0 0 0 0 0 0 0 0 0 0 0 0 0 0 0 0 0 0 0 0 0 0 0 0 0 0 0 0 0 0 0 0 0 0 0 0 0 0 0 0 0 0 0 0 0 0 0 0 0 0 0 0 0 0 0 0 0 0 0 0 0 0 0 0 0 0 0 0 0 0 0 0 0 0 0 0 0 
0 0 0 0 0 0 0 0 0 0 0 0 0 0 0 0 0 0 0 0 0 0 0 0 0 0 0 0 0 0 0 0 0 0 0 0 0 0 0 0 0 0 0 0 0 0 0 0 0 0 0 0 0 0 0 0 0 0 0 0 0 0 0 0 0 0 0 0 0 0 0 0 0 0 0 0 0 0 0 0 0 0 0 0 0 0 0 0 0 0 0 0 0 0 0 0 0 0 0 0 0 0 0 0 0 0 0 0 0 0 0 0 0 0 0 0 0 0 0 0 0 0 0 0 0 0 0 0 0 0 0 0 0 0 0 0 0 0 0 0 0 0 0 0 0 0 0 0 0 0 0 0 0 0 0 0 0 0 0 0 0 0 0 0 0 0 0 0 0 0 0 0 0 0 0 0 0 0 0 0 0 0 0 0 0 0 0 0 0 0 0 0 0 0 0 0 0 0 0 0 0 0 0 0 0 0 0 0 0 0 0 0 0 0 0 0 0 0 0 0 0 0 0 0 0 0 0 0 0 0 0 0 0 0 0 0 0 0 0 0 0 0 0 0 0 0 0 0 0 0 0 0.0321122 0.0644479 0.0970053 0.129783 0.162779 0.195992 0.22942 0.263061 0.296913 0.330973 0.365241 0.399714 0.43439 0.469265 0.504339 0.539609 0.575072 0.610725 0.646567 0.682594 0.718803 0.755193 0.79176 0.828501 0.865414 0.902494 0.93974 0.977148 1.01471 1.05244 1.09031 1.12833 1.1665 1.20481 1.24326 1.28184 1.32056 1.3594 1.39836 1.43744 1.47664 1.51595 1.55537 1.59489 1.63451 1.67422 1.71403 1.75392 1.79389 1.83394 1.87406 1.91425 1.9545 1.99482 2.03518 2.0756 2.11606 2.15656 2.1971 2.23767 2.27826 2.31887 2.3595 2.40013 2.44078 2.48142 2.52205 2.56268 2.60329 2.64388 2.68444 2.72498 2.76547 2.80592 2.84633 2.88668 2.92697 2.9672 3.00736 3.04745 3.08745 3.12737 3.1672 3.20693 3.24656 3.28608 3.32549 3.36478 3.40394 3.44298 3.48188 3.52064 3.55925 3.59771 3.63602 3.67416 3.71213 3.74994 3.78756 3.825 3.86225 3.8993 3.93616 3.97281 4.00925 4.04548 4.08148 4.11726 4.15281 4.18812 4.2232 4.25802 4.2926 4.32692 4.36098 4.39478 4.42831 4.46156 4.49454 4.52723 4.55963 4.59175 4.62356 4.65508 4.68629 4.71719 4.74778 4.77806 4.80801 4.83764 4.86694 4.89591 4.92454 4.95283 4.98078 5.00839 5.03564 5.06254 5.08909 5.11528 5.1411 5.16656 5.19166 5.21638 5.24073 5.2647 5.2883 5.31152 5.33435 5.3568 5.37886 5.40054 5.42182 5.44271 5.4632 5.4833 5.503 5.52231 5.54121 5.55971 5.57781 5.5955 5.61278 5.62967 5.64614 5.66221 5.67787 5.69311 5.70795 5.72238 5.7364 5.75001 5.76321 5.776 5.78838 5.80035 5.81191 5.82306 5.8338 5.84413 5.85405 5.86357 5.87268 5.88138 5.88968 5.89757 5.90506 5.91215 5.91884 5.92512 5.93102 5.93651 5.94161 5.94631 5.95063 5.95455 5.95809 5.96124 5.964 5.96638 5.96839 5.97001 5.97126 5.97213 5.97263 5.97276 5.97253 5.97193 5.97097 5.96965 5.96798 5.96595 5.96356 5.96084 5.95776 5.95434 5.95058 5.94649 5.94206 5.9373 5.93221 5.9268 5.92107 5.91501 5.90865 5.90197 5.89498 5.88768 5.88009 5.87219 5.864 5.85552 5.84675 5.83769 5.82835 5.81874 5.80884 5.79868 5.78825 5.77756 5.7666 5.75539 5.74392 5.7322 5.72024 5.70804 5.69559 5.68291 5.67 -5.65685 -5.67 -5.68291 -5.69559 -5.70804 -5.72024 -5.7322 -5.74392 -5.75539 -5.7666 -5.77756 -5.78825 -5.79868 -5.80884 -5.81874 -5.82835 -5.83769 -5.84675 -5.85552 -5.864 -5.87219 -5.88009 -5.88768 -5.89498 -5.90197 -5.90865 -5.91501 -5.92107 -5.9268 -5.93221 -5.9373 -5.94206 -5.94649 -5.95058 -5.95434 -5.95776 -5.96084 -5.96356 -5.96595 -5.96798 -5.96965 -5.97097 -5.97193 -5.97253 -5.97276 -5.97263 -5.97213 -5.97126 -5.97001 -5.96839 -5.96638 -5.964 -5.96124 -5.95809 -5.95455 -5.95063 -5.94631 -5.94161 -5.93651 -5.93102 -5.92512 -5.91884 -5.91215 -5.90506 -5.89757 -5.88968 -5.88138 -5.87268 -5.86357 -5.85405 -5.84413 -5.8338 -5.82306 -5.81191 -5.80035 -5.78838 -5.776 -5.76321 -5.75001 -5.7364 -5.72238 -5.70795 -5.69311 -5.67787 -5.66221 -5.64614 -5.62967 -5.61278 -5.5955 -5.57781 -5.55971 -5.54121 -5.52231 -5.503 -5.4833 -5.4632 -5.44271 -5.42182 -5.40054 -5.37886 -5.3568 -5.33435 -5.31152 -5.2883 -5.2647 -5.24073 -5.21638 -5.19166 -5.16656 -5.1411 -5.11528 -5.08909 -5.06254 -5.03564 -5.00839 -4.98078 -4.95283 -4.92454 -4.89591 -4.86694 -4.83764 -4.80801 -4.77806 -4.74778 -4.71719 -4.68629 -4.65508 -4.62356 -4.59175 -4.55963 -4.52723 -4.49454 -4.46156 -4.42831 -4.39478 -4.36098 -4.32692 -4.2926 -4.25802 -4.2232 -4.18812 -4.15281 -4.11726 -4.08148 -4.04548 -4.00925 -3.97281 -3.93616 -3.8993 -3.86225 -3.825 -3.78756 -3.74994 -3.71213 -3.67416 -3.63602 -3.59771 -3.55925 -3.52064 -3.48188 -3.44298 -3.40394 -3.36478 -3.32549 -3.28608 -3.24656 -3.20693 -3.1672 -3.12737 -3.08745 -3.04745 -3.00736 -2.9672 -2.92697 -2.88668 -2.84633 -2.80592 -2.76547 -2.72498 -2.68444 -2.64388 -2.60329 -2.56268 -2.52205 -2.48142 -2.44078 -2.40013 -2.3595 -2.31887 -2.27826 -2.23767 -2.1971 -2.15656 -2.11606 -2.0756 -2.03518 -1.99482 -1.9545 -1.91425 -1.87406 -1.83394 -1.79389 -1.75392 -1.71403 -1.67422 -1.63451 -1.59489 -1.55537 -1.51595 -1.47664 -1.43744 -1.39836 -1.3594 -1.32056 -1.28184 -1.24326 -1.20481 -1.1665 -1.12833 -1.09031 -1.05244 -1.01471 -0.977148 -0.93974 -0.902494 -0.865414 -0.828501 -0.79176 -0.755193 -0.718803 -0.682594 -0.646567 -0.610725 -0.575072 -0.539609 -0.504339 -0.469265 -0.43439 -0.399714 -0.365241 -0.330973 -0.296913 -0.263061 -0.22942 -0.195992 -0.162779 -0.129783 -0.0970053 -0.0644479 -0.0321122 0 0 0 0 0 0 0 0 0 0 0 0 0 0 0 0 0 0 0 0 0 0 0 0 0 0 0 0 0 0 0 0 0 0 0 0 0 0 0 0 0 0 0 0 0 0 0 0 0 0 0 0 0 0 0 0 0 0 0 0 0 0 0 0 0 0 0 0 0 0 0 0 0 0 0 0 0 0 0 0 0 0 0 0 0 0 0 0 0 0 0 0 0 0 0 0 0 0 0 0 0 0 0 0 0 0 0 0 0 0 0 0 0 0 0 0 0 0 0 0 0 0 0 0 0 0 0 0 0 0 0 0 0 0 0 0 0 0 0 0 0 0 0 0 0 0 0 0 0 0 0 0 0 0 0 0 0 0 0 0 0 0 0 0 0 0 0 0 0 0 0 0 0 0 0 0 0 0 0 0 0 0 0 0 0 0 0 0 0 0 0 0 0 0 0 0 0 0 0 0 0 0 0 0 0 0 0 0 0 0 0 0 0 0 0 0 0 0 0 0 0 0 0 0 0 0 0 0 0 0 0 0 0 0 0 0 0 0 0 0 0 0 0 0 0 0 0 0 0 0 0 
0 0 0 0 0 0 0 0 0 0 0 0 0 0 0 0 0 0 0 0 0 0 0 0 0 0 0 0 0 0 0 0 0 0 0 0 0 0 0 0 0 0 0 0 0 0 0 0 0 0 0 0 0 0 0 0 0 0 0 0 0 0 0 0 0 0 0 0 0 0 0 0 0 0 0 0 0 0 0 0 0 0 0 0 0 0 0 0 0 0 0 0 0 0 0 0 0 0 0 0 0 0 0 0 0 0 0 0 0 0 0 0 0 0 0 0 0 0 0 0 0 0 0 0 0 0 0 0 0 0 0 0 0 0 0 0 0 0 0 0 0 0 0 0 0 0 0 0 0 0 0 0 0 0 0 0 0 0 0 0 0 0 0 0 0 0 0 0 0 0 0 0 0 0 0 0 0 0 0 0 0 0 0 0 0 0 0 0 0 0 0 0 0 0 0 0 0 0 0 0 0 0 0 0 0 0 0 0 0 0 0 0 0 0 0 0 0 0 0 0 0 0 0 0 0 0 0 0 0 0 0 0 0 0 0 0 0 0 0 0 0 0 0 0 0 0 0 0 0 0 0 0 0 0 0 0 0 0 0 0 0 0 0 0 0 0 0 0 0 0 0 0 0 0 0 0 0 0 0 0 0 0 0 0 0 0 0 0 0 0 0 0 0 0 0 0 0 0 0 0 0 0 0 0 0 0 0 0 0 0 0 0 0 0 0 0 0 0 0 0 0 0 0 0 0 0 0 0 0 0 0 0 0 0 0 0 0 0 0 0 0 0 0 0 0 0 0 0 0 0 0 0 0 0 0 0 0 0 0 0 0 0 0 0 0 0 0 0 0 0 0 0 0 0 0 0 0 0 0 0 0 0 0 0 0 0 0 0 0 0 0 0 0 0 0 0 0 0 0 0 0 0 0 0 0 0 0 0 0 0 0 0 0 0 0 0 0 0 0 0 0 0 0 0 0 0 0 0 0 0 0 0 0 0 0 0 0 0 0 0 0 0 0 0 0 0 0 0 0 0 0 0 0 0 0 0 0 0 0 0 0 0 0 0 0 0 0 0 0 0 0 0 0 0 0 0 0 0 0 0 0 0 0 0 0 0 0 0 0 0 0 0 0 0 0 0 0 0 0 0 5.65685 5.63788 5.61846 5.59858 5.57825 5.55746 5.53621 5.5145 5.49233 5.46969 5.44658 5.42301 5.39897 5.37446 5.34947 5.32401 5.29808 5.27168 5.24479 5.21744 5.1896 5.16128 5.13249 5.10322 5.07346 5.04323 5.01252 4.98133 4.94965 4.9175 4.88486 4.85175 4.81815 4.78408 4.74953 4.7145 4.67899 4.64301 4.60655 4.56961 4.53221 4.49433 4.45598 4.41716 4.37787 4.33812 4.29791 4.25723 4.21609 4.1745 4.13244 4.08994 4.04699 4.00358 3.95973 3.91544 3.87071 3.82555 3.77995 3.73391 3.68746 3.64058 3.59328 3.54556 3.49743 3.4489 3.39996 3.35062 3.30089 3.25076 3.20025 3.14935 3.09808 3.04644 2.99443 2.94206 2.88932 2.83624 2.78281 2.72904 2.67494 2.6205 2.56575 2.51067 2.45528 2.39958 2.34359 2.2873 2.23072 2.17386 2.11673 2.05933 2.00167 1.94375 1.88559 1.82719 1.76855 1.70968 1.6506 1.5913 1.5318 1.4721 1.41221 1.35214 1.29189 1.23148 1.1709 1.11017 1.0493 0.988292 0.927153 0.865893 0.804519 0.743041 0.681464 0.619798 0.558051 0.49623 0.434345 0.372402 0.31041 0.248377 0.186311 0.124221 0.0621147 0 -0.0621147 -0.124221 -0.186311 -0.248377 -0.31041 -0.372402 -0.434345 -0.49623 -0.558051 -0.619798 -0.681464 -0.743041 -0.804519 -0.865893 -0.927153 -0.988292 -1.0493 -1.11017 -1.1709 -1.23148 -1.29189 -1.35214 -1.41221 -1.4721 -1.5318 -1.5913 -1.6506 -1.70968 -1.76855 -1.82719 -1.88559 -1.94375 -2.00167 -2.05933 -2.11673 -2.17386 -2.23072 -2.2873 -2.34359 -2.39958 -2.45528 -2.51067 -2.56575 -2.6205 -2.67494 -2.72904 -2.78281 -2.83624 -2.88932 -2.94206 -2.99443 -3.04644 -3.09808 -3.14935 -3.20025 -3.25076 -3.30089 -3.35062 -3.39996 -3.4489 -3.49743 -3.54556 -3.59328 -3.64058 -3.68746 -3.73391 -3.77995 -3.82555 -3.87071 -3.91544 -3.95973 -4.00358 -4.04699 -4.08994 -4.13244 -4.1745 -4.21609 -4.25723 -4.29791 -4.33812 -4.37787 -4.41716 -4.45598 -4.49433 -4.53221 -4.56961 -4.60655 -4.64301 -4.67899 -4.7145 -4.74953 -4.78408 -4.81815 -4.85175 -4.88486 -4.9175 -4.94965 -4.98133 -5.01252 -5.04323 -5.07346 -5.10322 -5.13249 -5.16128 -5.1896 -5.21744 -5.24479 -5.27168 -5.29808 -5.32401 -5.34947 -5.37446 -5.39897 -5.42301 -5.44658 -5.46969 -5.49233 -5.5145 -5.53621 -5.55746 -5.57825 -5.59858 -5.61846 -5.63788 0 0 0 0 0 0 0 0 0 0 0 0 0 0 0 0 0 0 0 0 0 0 0 0 0 0 0 0 0 0 0 0 0 0 0 0 0 0 0 0 0 0 0 0 0 0 0 0 0 0 0 0 0 0 0 0 0 0 0 0 0 0 0 0 0 0 0 0 0 0 0 0 0 0 0 0 0 0 0 0 0 0 0 0 0 0 0 0 0 0 0 0 0 0 0 0 0 0 0 0 0 0 0 0 0 0 0 0 0 0 0 0 0 0 0 0 0 0 0 0 0 0 0 0 0 0 0 0 0 0 0 0 0 0 0 0 0 0 0 0 0 0 0 0 0 0 0 0 0 0 0 0 0 0 0 0 0 0 0 0 0 0 0 0 0 0 0 0 0 0 0 0 0 0 0 0 0 0 0 0 0 0 0 0 0 0 0 0 0 0 0 0 0 0 0 0 0 0 0 0 0 0 0 0 0 0 0 0 0 0 0 0 0 0 0 0 0 0 0 0 0 0 0 0 0 0 0 0 0 0 0 0 0 0 0 0 0 0 0 0 0 0 0 0 0 0 0 0 0 0 0 
0 0 0 0 0 0 0 0 0 0 0 0 0 0 0 0 0 0 0 0 0 0 0 0 0 0 0 0 0 0 0 0 0 0 0 0 0 0 0 0 0 0 0 0 0 0 0 0 0 0 0 0 0 0 0 0 0 0 0 0 0 0 0 0 0 0 0 0 0 0 0 0 0 0 0 0 0 0 0 0 0 0 0 0 0 0 0 0 0 0 0 0 0 0 0 0 0 0 0 0 0 0 0 0 0 0 0 0 0 0 0 0 0 0 0 0 0 0 0 0 0 0 0 0 0 0 0 0 0 0 0 0 0 0 0 0 0 0 0 0 0 0 0 0 0 0 0 0 0 0 0 0 0 0 0 0 0 0 0 0 0 0 0 0 0 0 0 0 0 0 0 0 0 0 0 0 0 0 0 0 0 0 0 0 0 0 0 0 0 0 0 0 0 0 0 0 0 0 0 0 0 0 0 0 0 0 0 0 0 0 0 0 0 0 0 0 0 0 0 0 0 0 0 0 0 0 0 0 0 0 0 0 0 0 0 0 0 0 0 0 0 0 0 0 0 0 0 0 0 0 0 0 0 0 0 0 0 0 0 0 0 0 0 0 0 0 0 0 0 0 0 0 0 0 0 0 0 0 0 0 0 0 0 0 0 0 0 0 0 0 0 0 0 0 0 0 0 0 0 0 0 0 0 0 0 0 0 0 0 0 0 0 0 0 0 0 0 0 0 0 0 0 0 0 0 0 0 0 0 0 0 0 0 0 0 0 0 0 0 0 0 0 0 0 0 0 0 0 0 0 0 0 0 0 0 0 0 0 0 0 0 0 0 0 0 0 0 0 0 0 0 0 0 0 0 0 0 0 0 0 0 0 0 0 0 0 0 0 0 0 0 0 0 0 0 0 0 0 0 0 0 0 0 0 0 0 0 0 0 0 0 0 0 0 0 0 0 0 0 0 0 0 0 0 0 0 0 0 0 0 0 0 0 0 0 0 0 0 0 0 0 0 0 0 0 0 0 0 0 0 0 0 0 0 0 0 0 0 0 0 0 0 0 0 0 0 0 0 0 0 0 0 0 0 0 0 0 0 0 0 0 0 0 0 0 0 0 0 0 0 0 0 0 0 0 0 0 0 0 0 0 0.0321122 0.0644479 0.0970053 0.129783 0.162779 0.195992 0.22942 0.263061 0.296913 0.330973 0.365241 0.399714 0.43439 0.469265 0.504339 0.539609 0.575072 0.610725 0.646567 0.682594 0.718803 0.755193 0.79176 0.828501 0.865414 0.902494 0.93974 0.977148 1.01471 1.05244 1.09031 1.12833 1.1665 1.20481 1.24326 1.28184 1.32056 1.3594 1.39836 1.43744 1.47664 1.51595 1.55537 1.59489 1.63451 1.67422 1.71403 1.75392 1.79389 1.83394 1.87406 1.91425 1.9545 1.99482 2.03518 2.0756 2.11606 2.15656 2.1971 2.23767 2.27826 2.31887 2.3595 2.40013 2.44078 2.48142 2.52205 2.56268 2.60329 2.64388 2.68444 2.72498 2.76547 2.80592 2.84633 2.88668 2.92697 2.9672 3.00736 3.04745 3.08745 3.12737 3.1672 3.20693 3.24656 3.28608 3.32549 3.36478 3.40394 3.44298 3.48188 3.52064 3.55925 3.59771 3.63602 3.67416 3.71213 3.74994 3.78756 3.825 3.86225 3.8993 3.93616 3.97281 4.00925 4.04548 4.08148 4.11726 4.15281 4.18812 4.2232 4.25802 4.2926 4.32692 4.36098 4.39478 4.42831 4.46156 4.49454 4.52723 4.55963 4.59175 4.62356 4.65508 4.68629 4.71719 4.74778 4.77806 4.80801 4.83764 4.86694 4.89591 4.92454 4.95283 4.98078 5.00839 5.03564 5.06254 5.08909 5.11528 5.1411 5.16656 5.19166 5.21638 5.24073 5.2647 5.2883 5.31152 5.33435 5.3568 5.37886 5.40054 5.42182 5.44271 5.4632 5.4833 5.503 5.52231 5.54121 5.55971 5.57781 5.5955 5.61278 5.62967 5.64614 5.66221 5.67787 5.69311 5.70795 5.72238 5.7364 5.75001 5.76321 5.776 5.78838 5.80035 5.81191 5.82306 5.8338 5.84413 5.85405 5.86357 5.87268 5.88138 5.88968 5.89757 5.90506 5.91215 5.91884 5.92512 5.93102 5.93651 5.94161 5.94631 5.95063 5.95455 5.95809 5.96124 5.964 5.96638 5.96839 5.97001 5.97126 5.97213 5.97263 5.97276 5.97253 5.97193 5.97097 5.96965 5.96798 5.96595 5.96356 5.96084 5.95776 5.95434 5.95058 5.94649 5.94206 5.9373 5.93221 5.9268 5.92107 5.91501 5.90865 5.90197 5.89498 5.88768 5.88009 5.87219 5.864 5.85552 5.84675 5.83769 5.82835 5.81874 5.80884 5.79868 5.78825 5.77756 5.7666 5.75539 5.74392 5.7322 5.72024 5.70804 5.69559 5.68291 5.67 -5.65685 -5.67 -5.68291 -5.69559 -5.70804 -5.72024 -5.7322 -5.74392 -5.75539 -5.7666 -5.77756 -5.78825 -5.79868 -5.80884 -5.81874 -5.82835 -5.83769 -5.84675 -5.85552 -5.864 -5.87219 -5.88009 -5.88768 -5.89498 -5.90197 -5.90865 -5.91501 -5.92107 -5.9268 -5.93221 -5.9373 -5.94206 -5.94649 -5.95058 -5.95434 -5.95776 -5.96084 -5.96356 -5.96595 -5.96798 -5.96965 -5.97097 -5.97193 -5.97253 -5.97276 -5.97263 -5.97213 -5.97126 -5.97001 -5.96839 -5.96638 -5.964 -5.96124 -5.95809 -5.95455 -5.95063 -5.94631 -5.94161 -5.93651 -5.93102 -5.92512 -5.91884 -5.91215 -5.90506 -5.89757 -5.88968 -5.88138 -5.87268 -5.86357 -5.85405 -5.84413 -5.8338 -5.82306 -5.81191 -5.80035 -5.78838 -5.776 -5.76321 -5.75001 -5.7364 -5.72238 -5.70795 -5.69311 -5.67787 -5.66221 -5.64614 -5.62967 -5.61278 -5.5955 -5.57781 -5.55971 -5.54121 -5.52231 -5.503 -5.4833 -5.4632 -5.44271 -5.42182 -5.40054 -5.37886 -5.3568 -5.33435 -5.31152 -5.2883 -5.2647 -5.24073 -5.21638 -5.19166 -5.16656 -5.1411 -5.11528 -5.08909 -5.06254 -5.03564 -5.00839 -4.98078 -4.95283 -4.92454 -4.89591 -4.86694 -4.83764 -4.80801 -4.77806 -4.74778 -4.71719 -4.68629 -4.65508 -4.62356 -4.59175 -4.55963 -4.52723 -4.49454 -4.46156 -4.42831 -4.39478 -4.36098 -4.32692 -4.2926 -4.25802 -4.2232 -4.18812 -4.15281 -4.11726 -4.08148 -4.04548 -4.00925 -3.97281 -3.93616 -3.8993 -3.86225 -3.825 -3.78756 -3.74994 -3.71213 -3.67416 -3.63602 -3.59771 -3.55925 -3.52064 -3.48188 -3.44298 -3.40394 -3.36478 -3.32549 -3.28608 -3.24656 -3.20693 -3.1672 -3.12737 -3.08745 -3.04745 -3.00736 -2.9672 -2.92697 -2.88668 -2.84633 -2.80592 -2.76547 -2.72498 -2.68444 -2.64388 -2.60329 -2.56268 -2.52205 -2.48142 -2.44078 -2.40013 -2.3595 -2.31887 -2.27826 -2.23767 -2.1971 -2.15656 -2.11606 -2.0756 -2.03518 -1.99482 -1.9545 -1.91425 -1.87406 -1.83394 -1.79389 -1.75392 -1.71403 -1.67422 -1.63451 -1.59489 -1.55537 -1.51595 -1.47664 -1.43744 -1.39836 -1.3594 -1.32056 -1.28184 -1.24326 -1.20481 -1.1665 -1.12833 -1.09031 -1.05244 -1.01471 -0.977148 -0.93974 -0.902494 -0.865414 -0.828501 -0.79176 -0.755193 -0.718803 -0.682594 -0.646567 -0.610725 -0.575072 -0.539609 -0.504339 -0.469265 -0.43439 -0.399714 -0.365241 -0.330973 -0.296913 -0.263061 -0.22942 -0.195992 -0.162779 -0.129783 -0.0970053 -0.0644479 -0.0321122 0 
0 0 0 0 0 0 0 0 0 0 0 0 0 0 0 0 0 0 0 0 0 0 0 0 0 0 0 0 0 0 0 0 0 0 0 0 0 0 0 0 0 0 0 0 0 0 0 0 0 0 0 0 0 0 0 0 0 0 0 0 0 0 0 0 0 0 0 0 0 0 0 0 0 0 0 0 0 0 0 0 0 0 0 0 0 0 0 0 0 0 0 0 0 0 0 0 0 0 0 0 0 0 0 0 0 0 0 0 0 0 0 0 0 0 0 0 0 0 0 0 0 0 0 0 0 0 0 0 0 0 0 0 0 0 0 0 0 0 0 0 0 0 0 0 0 0 0 0 0 0 0 0 0 0 0 0 0 0 0 0 0 0 0 0 0 0 0 0 0 0 0 0 0 0 0 0 0 0 0 0 0 0 0 0 0 0 0 0 0 0 0 0 0 0 0 0 0 0 0 0 0 0 0 0 0 0 0 0 0 0 0 0 0 0 0 0 0 0 0 0 0 0 0 0 0 0 0 0 0 0 0 0 0 0 0 0 0 0 0 0 0 0 0 0 0 0 0 0 0 0 0 0 0 0 0 0 0 0 0 0 0 0 0 0 0 0 0 0 0 0 0 0 0 0 0 0 0 0 0 0 0 0 0 0 0 0 0 0 0 0 0 0 0 0 0 0 0 0 0 0 0 0 0 0 0 0 0 0 0 0 0 0 0 0 0 0 0 0 0 0 0 0 0 0 0 0 0 0 0 0 0 0 0 0 0 0 0 0 0 0 0 0 0 0 0 0 0 0 0 0 0 0 0 0 0 0 0 0 0 0 0 0 0 0 0 0 0 0 0 0 0 0 0 0 0 0 0 0 0 0 0 0 0 0 0 0 0 0 0 0 0 0 0 0 0 0 0 0 0 0 0 0 0 0 0 0 0 0 0 0 0 0 0 0 0 0 0 0 0 0 0 0 0 0 0 0 0 0 0 0 0 0 0 0 0 0 0 0 0 0 0 0 0 0 0 0 0 0 0 0 0 0 0 0 0 0 0 0 0 0 0 0 0 0 0 0 0 0 0 0 0 0 0 0 0 0 0 0 0 0 0 0 0 0 0 0 0 0 0 0 0 0 0 0 0 0 0 0 0 0 0 0 0 0 0 0 0 0 0 0 0 0 0 0 0 0 0 0 0 0 0 0 0 0 0 0 0 0 0 0 0 0 0 0 0 0 0 0 0 0 0 0 0 0 0 0 0 0 0 0 0 0 0 0 0 0 0 0 0 0 0 0 0 0 0 0 0 0 0 0 0 0 0 0 0 0 0 0 0 0 0 0 0 0 0 0 0 0 0 0 0 0 0 0 0 0 0 0 0 0 0 0 0 0 0 0 0 0 0 0 0 0 0 0 0 0 0 0 0 0 0 0 0 0 0 0 0 0 0 0 0 0 0 0 0 0 0 0 0 0 0 0 0 0 0 0 0 0 0 0 0 0 0 0 0 0 0 0 0 0 0 0 0 0 0 0 0 0 0 0 0 0 0 0 0 0 0 0 0 0 0 0 0 0 0 0 0 0 0 0 0 0 0 0 0 0 0 0 0 0 0 0 0 0 0 0 0 0 0 0 0 0 0 0 0 0 0 0 0 0 0 0 0 0 0 0 0 0 0 0 0 0 0 0 0 0 0 0 0 0 0 0 0 0 0 0 0 0 0 0 5.65685 5.63788 5.61846 5.59858 5.57825 5.55746 5.53621 5.5145 5.49233 5.46969 5.44658 5.42301 5.39897 5.37446 5.34947 5.32401 5.29808 5.27168 5.24479 5.21744 5.1896 5.16128 5.13249 5.10322 5.07346 5.04323 5.01252 4.98133 4.94965 4.9175 4.88486 4.85175 4.81815 4.78408 4.74953 4.7145 4.67899 4.64301 4.60655 4.56961 4.53221 4.49433 4.45598 4.41716 4.37787 4.33812 4.29791 4.25723 4.21609 4.1745 4.13244 4.08994 4.04699 4.00358 3.95973 3.91544 3.87071 3.82555 3.77995 3.73391 3.68746 3.64058 3.59328 3.54556 3.49743 3.4489 3.39996 3.35062 3.30089 3.25076 3.20025 3.14935 3.09808 3.04644 2.99443 2.94206 2.88932 2.83624 2.78281 2.72904 2.67494 2.6205 2.56575 2.51067 2.45528 2.39958 2.34359 2.2873 2.23072 2.17386 2.11673 2.05933 2.00167 1.94375 1.88559 1.82719 1.76855 1.70968 1.6506 1.5913 1.5318 1.4721 1.41221 1.35214 1.29189 1.23148 1.1709 1.11017 1.0493 0.988292 0.927153 0.865893 0.804519 0.743041 0.681464 0.619798 0.558051 0.49623 0.434345 0.372402 0.31041 0.248377 0.186311 0.124221 0.0621147 0 -0.0621147 -0.124221 -0.186311 -0.248377 -0.31041 -0.372402 -0.434345 -0.49623 -0.558051 -0.619798 -0.681464 -0.743041 -0.804519 -0.865893 -0.927153 -0.988292 -1.0493 -1.11017 -1.1709 -1.23148 -1.29189 -1.35214 -1.41221 -1.4721 -1.5318 -1.5913 -1.6506 -1.70968 -1.76855 -1.82719 -1.88559 -1.94375 -2.00167 -2.05933 -2.11673 -2.17386 -2.23072 -2.2873 -2.34359 -2.39958 -2.45528 -2.51067 -2.56575 -2.6205 -2.67494 -2.72904 -2.78281 -2.83624 -2.88932 -2.94206 -2.99443 -3.04644 -3.09808 -3.14935 -3.20025 -3.25076 -3.30089 -3.35062 -3.39996 -3.4489 -3.49743 -3.54556 -3.59328 -3.64058 -3.68746 -3.73391 -3.77995 -3.82555 -3.87071 -3.91544 -3.95973 -4.00358 -4.04699 -4.08994 -4.13244 -4.1745 -4.21609 -4.25723 -4.29791 -4.33812 -4.37787 -4.41716 -4.45598 -4.49433 -4.53221 -4.56961 -4.60655 -4.64301 -4.67899 -4.7145 -4.74953 -4.78408 -4.81815 -4.85175 -4.88486 -4.9175 -4.94965 -4.98133 -5.01252 -5.04323 -5.07346 -5.10322 -5.13249 -5.16128 -5.1896 -5.21744 -5.24479 -5.27168 -5.29808 -5.32401 -5.34947 -5.37446 -5.39897 -5.42301 -5.44658 -5.46969 -5.49233 -5.5145 -5.53621 -5.55746 -5.57825 -5.59858 -5.61846 -5.63788 -5.65685 
0 0 0 0 0 0 0 0 0 0 0 0 0 0 0 0 0 0 0 0 0 0 0 0 0 0 0 0 0 0 0 0 0 0 0 0 0 0 0 0 0 0 0 0 0 0 0 0 0 0 0 0 0 0 0 0 0 0 0 0 0 0 0 0 0 0 0 0 0 0 0 0 0 0 0 0 0 0 0 0 0 0 0 0 0 0 0 0 0 0 0 0 0 0 0 0 0 0 0 0 0 0 0 0 0 0 0 0 0 0 0 0 0 0 0 0 0 0 0 0 0 0 0 0 0 0 0 0 0 0 0 0 0 0 0 0 0 0 0 0 0 0 0 0 0 0 0 0 0 0 0 0 0 0 0 0 0 0 0 0 0 0 0 0 0 0 0 0 0 0 0 0 0 0 0 0 0 0 0 0 0 0 0 0 0 0 0 0 0 0 0 0 0 0 0 0 0 0 0 0 0 0 0 0 0 0 0 0 0 0 0 0 0 0 0 0 0 0 0 0 0 0 0 0 0 0 0 0 0 0 0 0 0 0 0 0 0 0 0 0 0 0 0 0 0 0 0 0 0 0 0 0 0 0 0 0 0 0 0 0 0 0 0 0 0 0 0 0 0 0 0 0 0 0 0 0 0 0 0 0 0 0 0 0 0 0 0 0 0 0 0 0 0 0 0 0 0 0 0 0 0 0 0 0 0 0 0 0 0 0 0 0 0 0 0 0 0 0 0 0 0 0 0 0 0 0 0 0 0 0 0 0 0 0 0 0 0 0 0 0 0 0 0 0 0 0 0 0 0 0 0 0 0 0 0 0 0 0 0 0 0 0 0 0 0 0 0 0 0 0 0 0 0 0 0 0 0 0 0 0 0 0 0 0 0 0 0 0 0 0 0 0 0 0 0 0 0 0 0 0 0 0 0 0 0 0 0 0 0 0 0 0 0 0 0 0 0 0 0 0 0 0 0 0 0 0 0 0 0 0 0 0 0 0 0 0 0 0 0 0 0 0 0 0 0 0 0 0 0 0 0 0 0 0 0 0 0 0 0 0 0 0 0 0 0 0 0 0 0 0 0 0 0 0 0 0 0 0 0 0 0 0 0 0 0 0 0 0 0 0 0 0 0 0 0 0 0 0 0 0 0 0 0 0 0 0 0 0 0 0 0 0 0 0 0 0 0 0 0 0 0 0 0 0 0 0 0 0 0 0 0 0 0 0 0 0 0 0 0 0 0 0 0 0 0 0 0 0 0 0 0 0 0 0 0 0 0 0 0 0 0 0 0 0 0 0 0 0 0 0 0 0 0 0 0 0 0 0 0 0 0 0 0 0 0 0 0 0 0 0 0 0 0 0 0 0 0 0 0 0 0 0 0 0 0 0 0 0 0 0 0 0 0 0 0 0 0 0 0 0 0 0 0 0 0 0 0 0 0 0 0 0 0 0 0 0 0 0 0 0 0 0 0 0 0 0 0 0 0 0 0 0 0 0 0 0 0 0 0 0 0 0 0 0 0 0 0 0 0 0 0 0 0 0 0 0 0 0 0 0 0 0 0 0 0 0 0 0 0 0 0 0 0 0 0 0 0 0 0 0 0 0 0 0 0 0 0 0 0 0 0 0 0 0 0 0 0 0 0 0 0 0 0 0 0 0 0 0 0 0 0 0 0 0 0 0 0 0 0 0 0 0 0 0 0 0 0 0 0 0 0 0.0321122 0.0644479 0.0970053 0.129783 0.162779 0.195992 0.22942 0.263061 0.296913 0.330973 0.365241 0.399714 0.43439 0.469265 0.504339 0.539609 0.575072 0.610725 0.646567 0.682594 0.718803 0.755193 0.79176 0.828501 0.865414 0.902494 0.93974 0.977148 1.01471 1.05244 1.09031 1.12833 1.1665 1.20481 1.24326 1.28184 1.32056 1.3594 1.39836 1.43744 1.47664 1.51595 1.55537 1.59489 1.63451 1.67422 1.71403 1.75392 1.79389 1.83394 1.87406 1.91425 1.9545 1.99482 2.03518 2.0756 2.11606 2.15656 2.1971 2.23767 2.27826 2.31887 2.3595 2.40013 2.44078 2.48142 2.52205 2.56268 2.60329 2.64388 2.68444 2.72498 2.76547 2.80592 2.84633 2.88668 2.92697 2.9672 3.00736 3.04745 3.08745 3.12737 3.1672 3.20693 3.24656 3.28608 3.32549 3.36478 3.40394 3.44298 3.48188 3.52064 3.55925 3.59771 3.63602 3.67416 3.71213 3.74994 3.78756 3.825 3.86225 3.8993 3.93616 3.97281 4.00925 4.04548 4.08148 4.11726 4.15281 4.18812 4.2232 4.25802 4.2926 4.32692 4.36098 4.39478 4.42831 4.46156 4.49454 4.52723 4.55963 4.59175 4.62356 4.65508 4.68629 4.71719 4.74778 4.77806 4.80801 4.83764 4.86694 4.89591 4.92454 4.95283 4.98078 5.00839 5.03564 5.06254 5.08909 5.11528 5.1411 5.16656 5.19166 5.21638 5.24073 5.2647 5.2883 5.31152 5.33435 5.3568 5.37886 5.40054 5.42182 5.44271 5.4632 5.4833 5.503 5.52231 5.54121 5.55971 5.57781 5.5955 5.61278 5.62967 5.64614 5.66221 5.67787 5.69311 5.70795 5.72238 5.7364 5.75001 5.76321 5.776 5.78838 5.80035 5.81191 5.82306 5.8338 5.84413 5.85405 5.86357 5.87268 5.88138 5.88968 5.89757 5.90506 5.91215 5.91884 5.92512 5.93102 5.93651 5.94161 5.94631 5.95063 5.95455 5.95809 5.96124 5.964 5.96638 5.96839 5.97001 5.97126 5.97213 5.97263 5.97276 5.97253 5.97193 5.97097 5.96965 5.96798 5.96595 5.96356 5.96084 5.95776 5.95434 5.95058 5.94649 5.94206 5.9373 5.93221 5.9268 5.92107 5.91501 5.90865 5.90197 5.89498 5.88768 5.88009 5.87219 5.864 5.85552 5.84675 5.83769 5.82835 5.81874 5.80884 5.79868 5.78825 5.77756 5.7666 5.75539 5.74392 5.7322 5.72024 5.70804 5.69559 5.68291 5.67 5.65685 
0 0 0 0 0 0 0 0 0 0 0 0 0 0 0 0 0 0 0 0 0 0 0 0 0 0 0 0 0 0 0 0 0 0 0 0 0 0 0 0 0 0 0 0 0 0 0 0 0 0 0 0 0 0 0 0 0 0 0 0 0 0 0 0 0 0 0 0 0 0 0 0 0 0 0 0 0 0 0 0 0 0 0 0 0 0 0 0 0 0 0 0 0 0 0 0 0 0 0 0 0 0 0 0 0 0 0 0 0 0 0 0 0 0 0 0 0 0 0 0 0 0 0 0 0 0 0 0 0 0 0 0 0 0 0 0 0 0 0 0 0 0 0 0 0 0 0 0 0 0 0 0 0 0 0 0 0 0 0 0 0 0 0 0 0 0 0 0 0 0 0 0 0 0 0 0 0 0 0 0 0 0 0 0 0 0 0 0 0 0 0 0 0 0 0 0 0 0 0 0 0 0 0 0 0 0 0 0 0 0 0 0 0 0 0 0 0 0 0 0 0 0 0 0 0 0 0 0 0 0 0 0 0 0 0 0 0 0 0 0 0 0 0 0 0 0 0 0 0 0 0 0 0 0 0 0 0 0 0 0 0 0 0 0 0 0 0 0 0 0 0 0 0 0 0 0 0 0 0 0 0 0 0 0 0 0 0 0 0 0 0 0 0 0 0 0 0 0 0 0 0 0 0 0 0 0 0 0 0 0 0 0 0 0 0 0 0 0 0 0 0 0 0 0 0 0 0 0 0 0 0 0 0 0 0 0 0 0 0 0 0 0 0 0 0 0 0 0 0 0 0 0 0 0 0 0 0 0 0 0 0 0 0 0 0 0 0 0 0 0 0 0 0 0 0 0 0 0 0 0 0 0 0 0 0 0 0 0 0 0 0 0 0 0 0 0 0 0 0 0 0 0 0 0 0 0 0 0 0 0 0 0 0 0 0 0 0 0 0 0 0 0 0 0 0 0 0 0 0 0 0 0 0 0 0 0 0 0 0 0 0 0 0 0 0 0 0 0 0 0 0 0 0 0 0 0 0 0 0 0 0 0 0 0 0 0 0 0 0 0 0 0 0 0 0 0 0 0 0 0 0 0 0 0 0 0 0 0 0 0 0 0 0 0 0 0 0 0 0 0 0 0 0 0 0 0 0 0 0 0 0 0 0 0 0 0 0 0 0 0 0 0 0 0 0 0 0 0 0 0 0 0 0 0 0 0 0 0 0 0 0 0 0 0 0 0 0 0 0 0 0 0 0 0 0 0 0 0 0 0 0 0 0 0 0 0 0 0 0 0 0 0 0 0 0 0 0 0 0 0 0 0 0 0 0 0 0 0 0 0 0 0 0 0 0 0 0 0 0 0 0 0 0 0 0 0 0 0 0 0 0 0 0 0 0 0 0 0 0 0 0 0 0 0 0 0 0 0 0 0 0 0 0 0 0 0 0 0 0 0 0 0 0 0 0 0 0 0 0 0 0 0 0 0 0 0 0 0 0 0 0 0 0 0 0 0 0 0 0 0 0 0 0 0 0 0 0 0 0 0 0 0 0 0 0 0 0 0 0 0 0 0 0 0 0 0 0 0 0 0 0 0 0 0 0 0 0 0 0 0 0 0 0 0 0 0 0 0 0 0 0 0 0 0 0 0 0 0 0 0 0 0 0 0 0 0 0 0 0 0 0 0 0 0 0 0 0 0 0 0 0 0 0 0 0 0 0 0 0 0 0 0 0 0 0 0 0 0 0 0 0 0 0 0 0 0 0 0 0 0 0 0 0 0 0 0 0 0 0 0 0 0 0 0 0 0 0 0 0 0 0 0 0 0 0 0 0 0 0 0 0 0 0 0 0 0 0 0 0 0 0 0 0 0 0 0 0 0 0 0 0 0 0 0 0 0 0 0 0 0 0 0 0 0 0 0 0 0 0 0 0 0 0 0 0 0 0 0 0 0 0 0 0 0 0 0 0 0 0 0 0 0 0 0 0 0 0 0 0 0 0 0 0 0 0 0 0 0 0 0 0 0 0 0 0 0 0 0 0 0 0 0 0 0 0 0 0 0 0 0 0 0 0 0 0 0 0 0 0 0 0 0 0 0 0 0 0 0 0 0 0 0 0 0 0 0 0 0 0 0 0 0 0 0 0 0 0 0 0 0 0 0 0 0 0 0 0 0 0 0 0 0 0 0 0 0 0 0 0 0 0 0 0 0 0 0 0 0 0 0 0 0 0 0 0 0 0 0 0 0 0 0 0 0 0 0 0 0 0 0 0 
