-8 -7.968 -7.936 -7.904 -7.872 -7.84 -7.808 -7.776 -7.744 -7.712 -7.68 -7.648 -7.616 -7.584 -7.552 -7.52 -7.488 -7.456 -7.424 -7.392 -7.36 -7.328 -7.296 -7.264 -7.232 -7.2 -7.168 -7.136 -7.104 -7.072 -7.04 -7.008 -6.976 -6.944 -6.912 -6.88 -6.848 -6.816 -6.784 -6.752 -6.72 -6.688 -6.656 -6.624 -6.592 -6.56 -6.528 -6.496 -6.464 -6.432 -6.4 -6.368 -6.336 -6.304 -6.272 -6.24 -6.208 -6.176 -6.144 -6.112 -6.08 -6.048 -6.016 -5.984 -5.952 -5.92 -5.888 -5.856 -5.824 -5.792 -5.76 -5.728 -5.696 -5.664 -5.632 -5.6 -5.568 -5.536 -5.504 -5.472 -5.44 -5.408 -5.376 -5.344 -5.312 -5.28 -5.248 -5.216 -5.184 -5.152 -5.12 -5.088 -5.056 -5.024 -4.992 -4.96 -4.928 -4.896 -4.864 -4.832 -4.8 -4.768 -4.736 -4.704 -4.672 -4.64 -4.608 -4.576 -4.544 -4.512 -4.48 -4.448 -4.416 -4.384 -4.352 -4.32 -4.288 -4.256 -4.224 -4.192 -4.16 -4.128 -4.096 -4.064 -4.032 -4 -3.968 -3.936 -3.904 -3.872 -3.84 -3.808 -3.776 -3.744 -3.712 -3.68 -3.648 -3.616 -3.584 -3.552 -3.52 -3.488 -3.456 -3.424 -3.392 -3.36 -3.328 -3.296 -3.264 -3.232 -3.2 -3.168 -3.136 -3.104 -3.072 -3.04 -3.008 -2.976 -2.944 -2.912 -2.88 -2.848 -2.816 -2.784 -2.752 -2.72 -2.688 -2.656 -2.624 -2.592 -2.56 -2.528 -2.496 -2.464 -2.432 -2.4 -2.368 -2.336 -2.304 -2.272 -2.24 -2.208 -2.176 -2.144 -2.112 -2.08 -2.048 -2.016 -1.984 -1.952 -1.92 -1.888 -1.856 -1.824 -1.792 -1.76 -1.728 -1.696 -1.664 -1.632 -1.6 -1.568 -1.536 -1.504 -1.472 -1.44 -1.408 -1.376 -1.344 -1.312 -1.28 -1.248 -1.216 -1.184 -1.152 -1.12 -1.088 -1.056 -1.024 -0.992 -0.96 -0.928 -0.896 -0.864 -0.832 -0.8 -0.768 -0.736 -0.704 -0.672 -0.64 -0.608 -0.576 -0.544 -0.512 -0.48 -0.448 -0.416 -0.384 -0.352 -0.32 -0.288 -0.256 -0.224 -0.192 -0.16 -0.128 -0.096 -0.064 -0.032 0 0 0 0 0 0 0 0 0 0 0 0 0 0 0 0 0 0 0 0 0 0 0 0 0 0 0 0 0 0 0 0 0 0 0 0 0 0 0 0 0 0 0 0 0 0 0 0 0 0 0 0 0 0 0 0 0 0 0 0 0 0 0 0 0 0 0 0 0 0 0 0 0 0 0 0 0 0 0 0 0 0 0 0 0 0 0 0 0 0 0 0 0 0 0 0 0 0 0 0 0 0 0 0 0 0 0 0 0 0 0 0 0 0 0 0 0 0 0 0 0 0 0 0 0 0 0 0 0 0 0 0 0 0 0 0 0 0 0 0 0 0 0 0 0 0 0 0 0 0 0 0 0 0 0 0 0 0 0 0 0 0 0 0 0 0 0 0 0 0 0 0 0 0 0 0 0 0 0 0 0 0 0 0 0 0 0 0 0 0 0 0 0 0 0 0 0 0 0 0 0 0 0 0 0 0 0 0 0 0 0 0 0 0 0 0 0 0 0 0 0 0 0 0 0 0 0 0 0 0 0 0 0 0 0 0 0 0 0 0 0 0 0 0 0 0 0 0 0 0 0 0 0 0 0 0 0 0 0 0 0 0 0 0 0 0 0 0 0 0 0 0 0 0 0 0 0 0 0 0 0 0 0 0 0 0 0 0 0 0 0 0 0 0 0 0 0 0 0 0 0 0 0 0 0 0 0 0 0 0 0 0 0 0 0 0 0 0 0 0 0 0 0 0 0 0 0 0 0 0 0 0 0 0 0 0 0 0 0 0 0 0 0 0 0 0 0 0 0 0 0 0 0 0 0 0 0 0 0 0 0 0 0 0 0 0 0 0 0 0 0 0 0 0 0 0 0 0 0 0 0 0 0 0 0 0 0 0 0 0 0 0 0 0 0 0 0 0 0 0 0 0 0 0 0 0 0 0 0 0 0 0 0 0 0 0 0 0 0 0 0 0 0 0 0 0 0 0 0 0 0 0 0 0 0 0 0 0 0 0 0 0 0 0 0 0 0 0 0 0 0 0 0 0 0 0 0 0 0 0 0 0 0 0 0 0 0 0 0 0 0 0 0 0 0 0 0 0 0 0 0 0 0 0 0 0 0 0 0 0 0 0 0 0 0 0 0 0 0 0 0 0 0 0 0 0 0 0 0 0 0 0 0 0 0 0 0 0 0 0 0 0 0 0 0 0 0 0 0 0 0 0 0 0 0 0 0 0 0 0 0 0 0 0 0 0 0 0 0 0 0 0 0 0 0 0 0 0 0 0 0 0 0 0 0 0 0 0 0 0 0 0 0 0 0 0 0 0 0 0 0 0 0 0 0 0 0 0 0 0 0 0 0 0 0 0 0 0 0 0 0 0 0 0 0 0 0 0 0 0 0 0 0 0 0 0 0 0 0 0 0 0 0 0 0 0 0 0 0 0 0 0 0 0 0 0 0 0 0 0 0 0 0 0 0 0 0 0 0 0 0 0 0 0 0 0 0 0 0 0 0 0 0 0 0 0 0 0 0 0 0 0 0 0 0 0 0 0 0 0 0 0 0 0 0 0 0 0 0 0 0 0 0 0 0 0 0 0 0 0 0 0 0 0 0 0 0 0 0 0 0 0 0 0 0 0 0 0 0 0 0 0 0 0 0 0 0 0 0 0 0 0 0 0 0 0 0 0 0 0 0 0 0 0 0 0 0 0 0 0 0 
8 7.936 7.872 7.808 7.744 7.68 7.616 7.552 7.488 7.424 7.36 7.296 7.232 7.168 7.104 7.04 6.976 6.912 6.848 6.784 6.72 6.656 6.592 6.528 6.464 6.4 6.336 6.272 6.208 6.144 6.08 6.016 5.952 5.888 5.824 5.76 5.696 5.632 5.568 5.504 5.44 5.376 5.312 5.248 5.184 5.12 5.056 4.992 4.928 4.864 4.8 4.736 4.672 4.608 4.544 4.48 4.416 4.352 4.288 4.224 4.16 4.096 4.032 3.968 3.904 3.84 3.776 3.712 3.648 3.584 3.52 3.456 3.392 3.328 3.264 3.2 3.136 3.072 3.008 2.944 2.88 2.816 2.752 2.688 2.624 2.56 2.496 2.432 2.368 2.304 2.24 2.176 2.112 2.048 1.984 1.92 1.856 1.792 1.728 1.664 1.6 1.536 1.472 1.408 1.344 1.28 1.216 1.152 1.088 1.024 0.96 0.896 0.832 0.768 0.704 0.64 0.576 0.512 0.448 0.384 0.32 0.256 0.192 0.128 0.064 0 -0.064 -0.128 -0.192 -0.256 -0.32 -0.384 -0.448 -0.512 -0.576 -0.64 -0.704 -0.768 -0.832 -0.896 -0.96 -1.024 -1.088 -1.152 -1.216 -1.28 -1.344 -1.408 -1.472 -1.536 -1.6 -1.664 -1.728 -1.792 -1.856 -1.92 -1.984 -2.048 -2.112 -2.176 -2.24 -2.304 -2.368 -2.432 -2.496 -2.56 -2.624 -2.688 -2.752 -2.816 -2.88 -2.944 -3.008 -3.072 -3.136 -3.2 -3.264 -3.328 -3.392 -3.456 -3.52 -3.584 -3.648 -3.712 -3.776 -3.84 -3.904 -3.968 -4.032 -4.096 -4.16 -4.224 -4.288 -4.352 -4.416 -4.48 -4.544 -4.608 -4.672 -4.736 -4.8 -4.864 -4.928 -4.992 -5.056 -5.12 -5.184 -5.248 -5.312 -5.376 -5.44 -5.504 -5.568 -5.632 -5.696 -5.76 -5.824 -5.888 -5.952 -6.016 -6.08 -6.144 -6.208 -6.272 -6.336 -6.4 -6.464 -6.528 -6.592 -6.656 -6.72 -6.784 -6.848 -6.912 -6.976 -7.04 -7.104 -7.168 -7.232 -7.296 -7.36 -7.424 -7.488 -7.552 -7.616 -7.68 -7.744 -7.808 -7.872 -7.936 0 0 0 0 0 0 0 0 0 0 0 0 0 0 0 0 0 0 0 0 0 0 0 0 0 0 0 0 0 0 0 0 0 0 0 0 0 0 0 0 0 0 0 0 0 0 0 0 0 0 0 0 0 0 0 0 0 0 0 0 0 0 0 0 0 0 0 0 0 0 0 0 0 0 0 0 0 0 0 0 0 0 0 0 0 0 0 0 0 0 0 0 0 0 0 0 0 0 0 0 0 0 0 0 0 0 0 0 0 0 0 0 0 0 0 0 0 0 0 0 0 0 0 0 0 0 0 0 0 0 0 0 0 0 0 0 0 0 0 0 0 0 0 0 0 0 0 0 0 0 0 0 0 0 0 0 0 0 0 0 0 0 0 0 0 0 0 0 0 0 0 0 0 0 0 0 0 0 0 0 0 0 0 0 0 0 0 0 0 0 0 0 0 0 0 0 0 0 0 0 0 0 0 0 0 0 0 0 0 0 0 0 0 0 0 0 0 0 0 0 0 0 0 0 0 0 0 0 0 0 0 0 0 0 0 0 0 0 0 0 0 0 0 0 0 0 0 0 0 0 0 0 0 0 0 0 0 0 0 0 0 0 0 0 0 0 0 0 0 0 0 0 0 0 0 0 0 0 0 0 0 0 0 0 0 0 0 0 0 0 0 0 0 0 0 0 0 0 0 0 0 0 0 0 0 0 0 0 0 0 0 0 0 0 0 0 0 0 0 0 0 0 0 0 0 0 0 0 0 0 0 0 0 0 0 0 0 0 0 0 0 0 0 0 0 0 0 0 0 0 0 0 0 0 0 0 0 0 0 0 0 0 0 0 0 0 0 0 0 0 0 0 0 0 0 0 0 0 0 0 0 0 0 0 0 0 0 0 0 0 0 0 0 0 0 0 0 0 0 0 0 0 0 0 0 0 0 0 0 0 0 0 0 0 0 0 0 0 0 0 0 0 0 0 0 0 0 0 0 0 0 0 0 0 0 0 0 0 0 0 0 0 0 0 0 0 0 0 0 0 0 0 0 0 0 0 0 0 0 0 0 0 0 0 0 0 0 0 0 0 0 0 0 0 0 0 0 0 0 0 0 0 0 0 0 0 0 0 0 0 0 0 0 0 0 0 0 0 0 0 0 0 0 0 0 0 0 0 0 0 0 0 0 0 0 0 0 0 0 0 0 0 0 0 0 0 0 0 0 0 0 0 0 0 0 0 0 0 0 0 0 0 0 0 0 0 0 0 0 0 0 0 0 0 0 0 0 0 0 0 0 0 0 0 0 0 0 0 0 0 0 0 0 0 0 0 0 0 0 0 0 0 0 0 0 0 0 0 0 0 0 0 0 0 0 0 0 0 0 0 0 0 0 0 0 0 0 0 0 0 0 0 0 0 0 0 0 0 0 0 0 0 0 0 0 0 0 0 0 0 0 0 0 0 0 0 0 0 0 0 0 0 0 0 0 0 0 0 0 0 0 0 0 0 0 0 0 0 0 0 0 0 0 0 0 0 0 0 0 0 0 0 0 0 0 0 0 0 0 0 0 0 0 0 0 0 0 0 0 0 0 0 0 0 0 0 0 0 0 0 0 0 0 0 0 0 0 0 0 0 0 0 0 0 0 0 0 0 0 0 0 0 0 0 0 0 0 0 0 0 0 0 0 0 0 0 0 0 0 0 0 0 0 0 0 0 0 0 0 0 0 
0 0.032 0.064 0.096 0.128 0.16 0.192 0.224 0.256 0.288 0.32 0.352 0.384 0.416 0.448 0.48 0.512 0.544 0.576 0.608 0.64 0.672 0.704 0.736 0.768 0.8 0.832 0.864 0.896 0.928 0.96 0.992 1.024 1.056 1.088 1.12 1.152 1.184 1.216 1.248 1.28 1.312 1.344 1.376 1.408 1.44 1.472 1.504 1.536 1.568 1.6 1.632 1.664 1.696 1.728 1.76 1.792 1.824 1.856 1.888 1.92 1.952 1.984 2.016 2.048 2.08 2.112 2.144 2.176 2.208 2.24 2.272 2.304 2.336 2.368 2.4 2.432 2.464 2.496 2.528 2.56 2.592 2.624 2.656 2.688 2.72 2.752 2.784 2.816 2.848 2.88 2.912 2.944 2.976 3.008 3.04 3.072 3.104 3.136 3.168 3.2 3.232 3.264 3.296 3.328 3.36 3.392 3.424 3.456 3.488 3.52 3.552 3.584 3.616 3.648 3.68 3.712 3.744 3.776 3.808 3.84 3.872 3.904 3.936 3.968 4 4.032 4.064 4.096 4.128 4.16 4.192 4.224 4.256 4.288 4.32 4.352 4.384 4.416 4.448 4.48 4.512 4.544 4.576 4.608 4.64 4.672 4.704 4.736 4.768 4.8 4.832 4.864 4.896 4.928 4.96 4.992 5.024 5.056 5.088 5.12 5.152 5.184 5.216 5.248 5.28 5.312 5.344 5.376 5.408 5.44 5.472 5.504 5.536 5.568 5.6 5.632 5.664 5.696 5.728 5.76 5.792 5.824 5.856 5.888 5.92 5.952 5.984 6.016 6.048 6.08 6.112 6.144 6.176 6.208 6.24 6.272 6.304 6.336 6.368 6.4 6.432 6.464 6.496 6.528 6.56 6.592 6.624 6.656 6.688 6.72 6.752 6.784 6.816 6.848 6.88 6.912 6.944 6.976 7.008 7.04 7.072 7.104 7.136 7.168 7.2 7.232 7.264 7.296 7.328 7.36 7.392 7.424 7.456 7.488 7.52 7.552 7.584 7.616 7.648 7.68 7.712 7.744 7.776 7.808 7.84 7.872 7.904 7.936 7.968 -8 -7.968 -7.936 -7.904 -7.872 -7.84 -7.808 -7.776 -7.744 -7.712 -7.68 -7.648 -7.616 -7.584 -7.552 -7.52 -7.488 -7.456 -7.424 -7.392 -7.36 -7.328 -7.296 -7.264 -7.232 -7.2 -7.168 -7.136 -7.104 -7.072 -7.04 -7.008 -6.976 -6.944 -6.912 -6.88 -6.848 -6.816 -6.784 -6.752 -6.72 -6.688 -6.656 -6.624 -6.592 -6.56 -6.528 -6.496 -6.464 -6.432 -6.4 -6.368 -6.336 -6.304 -6.272 -6.24 -6.208 -6.176 -6.144 -6.112 -6.08 -6.048 -6.016 -5.984 -5.952 -5.92 -5.888 -5.856 -5.824 -5.792 -5.76 -5.728 -5.696 -5.664 -5.632 -5.6 -5.568 -5.536 -5.504 -5.472 -5.44 -5.408 -5.376 -5.344 -5.312 -5.28 -5.248 -5.216 -5.184 -5.152 -5.12 -5.088 -5.056 -5.024 -4.992 -4.96 -4.928 -4.896 -4.864 -4.832 -4.8 -4.768 -4.736 -4.704 -4.672 -4.64 -4.608 -4.576 -4.544 -4.512 -4.48 -4.448 -4.416 -4.384 -4.352 -4.32 -4.288 -4.256 -4.224 -4.192 -4.16 -4.128 -4.096 -4.064 -4.032 -4 -3.968 -3.936 -3.904 -3.872 -3.84 -3.808 -3.776 -3.744 -3.712 -3.68 -3.648 -3.616 -3.584 -3.552 -3.52 -3.488 -3.456 -3.424 -3.392 -3.36 -3.328 -3.296 -3.264 -3.232 -3.2 -3.168 -3.136 -3.104 -3.072 -3.04 -3.008 -2.976 -2.944 -2.912 -2.88 -2.848 -2.816 -2.784 -2.752 -2.72 -2.688 -2.656 -2.624 -2.592 -2.56 -2.528 -2.496 -2.464 -2.432 -2.4 -2.368 -2.336 -2.304 -2.272 -2.24 -2.208 -2.176 -2.144 -2.112 -2.08 -2.048 -2.016 -1.984 -1.952 -1.92 -1.888 -1.856 -1.824 -1.792 -1.76 -1.728 -1.696 -1.664 -1.632 -1.6 -1.568 -1.536 -1.504 -1.472 -1.44 -1.408 -1.376 -1.344 -1.312 -1.28 -1.248 -1.216 -1.184 -1.152 -1.12 -1.088 -1.056 -1.024 -0.992 -0.96 -0.928 -0.896 -0.864 -0.832 -0.8 -0.768 -0.736 -0.704 -0.672 -0.64 -0.608 -0.576 -0.544 -0.512 -0.48 -0.448 -0.416 -0.384 -0.352 -0.32 -0.288 -0.256 -0.224 -0.192 -0.16 -0.128 -0.096 -0.064 -0.032 0 0 0 0 0 0 0 0 0 0 0 0 0 0 0 0 0 0 0 0 0 0 0 0 0 0 0 0 0 0 0 0 0 0 0 0 0 0 0 0 0 0 0 0 0 0 0 0 0 0 0 0 0 0 0 0 0 0 0 0 0 0 0 0 0 0 0 0 0 0 0 0 0 0 0 0 0 0 0 0 0 0 0 0 0 0 0 0 0 0 0 0 0 0 0 0 0 0 0 0 0 0 0 0 0 0 0 0 0 0 0 0 0 0 0 0 0 0 0 0 0 0 0 0 0 0 0 0 0 0 0 0 0 0 0 0 0 0 0 0 0 0 0 0 0 0 0 0 0 0 0 0 0 0 0 0 0 0 0 0 0 0 0 0 0 0 0 0 0 0 0 0 0 0 0 0 0 0 0 0 0 0 0 0 0 0 0 0 0 0 0 0 0 0 0 0 0 0 0 0 0 0 0 0 0 0 0 0 0 0 0 0 0 0 0 0 0 0 0 0 0 0 0 0 0 0 0 0 0 0 0 0 0 0 0 0 0 0 0 0 0 0 0 0 0 0 0 0 0 0 0 0 0 0 0 0 0 0 0 0 0 0 0 0 0 0 0 0 0 0 0 0 0 0 0 0 0 0 0 0 0 0 0 0 0 0 0 0 0 0 0 0 0 0 0 0 0 0 0 0 0 0 0 0 0 0 0 0 0 0 0 0 0 0 0 0 0 0 0 0 0 0 0 0 0 0 0 0 0 0 0 0 0 0 0 0 0 0 0 0 0 0 0 0 0 0 0 0 0 0 0 0 0 0 0 0 0 0 0 0 0 0 0 0 0 0 0 0 0 0 0 0 0 0 0 0 0 0 0 0 0 0 0 0 0 0 0 0 0 0 0 0 0 0 0 0 0 0 0 0 0 0 0 0 0 0 0 0 0 0 0 0 0 0 0 0 0 0 0 0 0 0 0 0 0 0 0 0 0 0 0 0 0 0 0 0 0 0 0 0 0 0 0 0 0 0 0 0 0 0 0 0 0 0 0 0 0 0 0 0 0 0 0 0 0 0 0 0 0 0 0 0 0 0 0 0 0 0 0 0 0 0 0 0 0 0 0 0 0 0 0 0 0 0 0 0 0 0 0 0 0 
0 0 0 0 0 0 0 0 0 0 0 0 0 0 0 0 0 0 0 0 0 0 0 0 0 0 0 0 0 0 0 0 0 0 0 0 0 0 0 0 0 0 0 0 0 0 0 0 0 0 0 0 0 0 0 0 0 0 0 0 0 0 0 0 0 0 0 0 0 0 0 0 0 0 0 0 0 0 0 0 0 0 0 0 0 0 0 0 0 0 0 0 0 0 0 0 0 0 0 0 0 0 0 0 0 0 0 0 0 0 0 0 0 0 0 0 0 0 0 0 0 0 0 0 0 0 0 0 0 0 0 0 0 0 0 0 0 0 0 0 0 0 0 0 0 0 0 0 0 0 0 0 0 0 0 0 0 0 0 0 0 0 0 0 0 0 0 0 0 0 0 0 0 0 0 0 0 0 0 0 0 0 0 0 0 0 0 0 0 0 0 0 0 0 0 0 0 0 0 0 0 0 0 0 0 0 0 0 0 0 0 0 0 0 0 0 0 0 0 0 0 0 0 0 0 0 0 0 0 0 0 0 0 0 0 0 0 0 0 0 0 0 0 0 0 0 0 0 0 0 8 7.936 7.872 7.808 7.744 7.68 7.616 7.552 7.488 7.424 7.36 7.296 7.232 7.168 7.104 7.04 6.976 6.912 6.848 6.784 6.72 6.656 6.592 6.528 6.464 6.4 6.336 6.272 6.208 6.144 6.08 6.016 5.952 5.888 5.824 5.76 5.696 5.632 5.568 5.504 5.44 5.376 5.312 5.248 5.184 5.12 5.056 4.992 4.928 4.864 4.8 4.736 4.672 4.608 4.544 4.48 4.416 4.352 4.288 4.224 4.16 4.096 4.032 3.968 3.904 3.84 3.776 3.712 3.648 3.584 3.52 3.456 3.392 3.328 3.264 3.2 3.136 3.072 3.008 2.944 2.88 2.816 2.752 2.688 2.624 2.56 2.496 2.432 2.368 2.304 2.24 2.176 2.112 2.048 1.984 1.92 1.856 1.792 1.728 1.664 1.6 1.536 1.472 1.408 1.344 1.28 1.216 1.152 1.088 1.024 0.96 0.896 0.832 0.768 0.704 0.64 0.576 0.512 0.448 0.384 0.32 0.256 0.192 0.128 0.064 0 -0.064 -0.128 -0.192 -0.256 -0.32 -0.384 -0.448 -0.512 -0.576 -0.64 -0.704 -0.768 -0.832 -0.896 -0.96 -1.024 -1.088 -1.152 -1.216 -1.28 -1.344 -1.408 -1.472 -1.536 -1.6 -1.664 -1.728 -1.792 -1.856 -1.92 -1.984 -2.048 -2.112 -2.176 -2.24 -2.304 -2.368 -2.432 -2.496 -2.56 -2.624 -2.688 -2.752 -2.816 -2.88 -2.944 -3.008 -3.072 -3.136 -3.2 -3.264 -3.328 -3.392 -3.456 -3.52 -3.584 -3.648 -3.712 -3.776 -3.84 -3.904 -3.968 -4.032 -4.096 -4.16 -4.224 -4.288 -4.352 -4.416 -4.48 -4.544 -4.608 -4.672 -4.736 -4.8 -4.864 -4.928 -4.992 -5.056 -5.12 -5.184 -5.248 -5.312 -5.376 -5.44 -5.504 -5.568 -5.632 -5.696 -5.76 -5.824 -5.888 -5.952 -6.016 -6.08 -6.144 -6.208 -6.272 -6.336 -6.4 -6.464 -6.528 -6.592 -6.656 -6.72 -6.784 -6.848 -6.912 -6.976 -7.04 -7.104 -7.168 -7.232 -7.296 -7.36 -7.424 -7.488 -7.552 -7.616 -7.68 -7.744 -7.808 -7.872 -7.936 0 0 0 0 0 0 0 0 0 0 0 0 0 0 0 0 0 0 0 0 0 0 0 0 0 0 0 0 0 0 0 0 0 0 0 0 0 0 0 0 0 0 0 0 0 0 0 0 0 0 0 0 0 0 0 0 0 0 0 0 0 0 0 0 0 0 0 0 0 0 0 0 0 0 0 0 0 0 0 0 0 0 0 0 0 0 0 0 0 0 0 0 0 0 0 0 0 0 0 0 0 0 0 0 0 0 0 0 0 0 0 0 0 0 0 0 0 0 0 0 0 0 0 0 0 0 0 0 0 0 0 0 0 0 0 0 0 0 0 0 0 0 0 0 0 0 0 0 0 0 0 0 0 0 0 0 0 0 0 0 0 0 0 0 0 0 0 0 0 0 0 0 0 0 0 0 0 0 0 0 0 0 0 0 0 0 0 0 0 0 0 0 0 0 0 0 0 0 0 0 0 0 0 0 0 0 0 0 0 0 0 0 0 0 0 0 0 0 0 0 0 0 0 0 0 0 0 0 0 0 0 0 0 0 0 0 0 0 0 0 0 0 0 0 0 0 0 0 0 0 0 0 0 0 0 0 0 0 0 0 0 0 0 0 0 0 0 0 0 0 0 0 0 0 0 0 0 0 0 0 0 0 0 0 0 0 0 0 0 0 0 0 0 0 0 0 0 0 0 0 0 0 0 0 0 0 0 0 0 0 0 0 0 0 0 0 0 0 0 0 0 0 0 0 0 0 0 0 0 0 0 0 0 0 0 0 0 0 0 0 0 0 0 0 0 0 0 0 0 0 0 0 0 0 0 0 0 0 0 0 0 0 0 0 0 0 0 0 0 0 0 0 0 0 0 0 0 0 0 0 0 0 0 0 0 0 0 0 0 0 0 0 0 0 0 0 0 0 0 0 0 0 0 0 0 0 0 0 0 0 0 0 0 0 0 0 0 0 0 0 0 0 0 0 0 0 0 0 0 0 0 0 0 0 0 0 0 0 0 0 0 0 0 0 0 0 0 0 0 0 0 0 0 0 0 0 0 0 0 0 0 0 0 0 0 0 0 0 0 0 0 0 0 0 0 0 0 0 0 0 0 0 0 0 0 0 0 0 0 0 0 0 0 0 0 0 0 0 0 0 0 
0 0 0 0 0 0 0 0 0 0 0 0 0 0 0 0 0 0 0 0 0 0 0 0 0 0 0 0 0 0 0 0 0 0 0 0 0 0 0 0 0 0 0 0 0 0 0 0 0 0 0 0 0 0 0 0 0 0 0 0 0 0 0 0 0 0 0 0 0 0 0 0 0 0 0 0 0 0 0 0 0 0 0 0 0 0 0 0 0 0 0 0 0 0 0 0 0 0 0 0 0 0 0 0 0 0 0 0 0 0 0 0 0 0 0 0 0 0 0 0 0 0 0 0 0 0 0 0 0 0 0 0 0 0 0 0 0 0 0 0 0 0 0 0 0 0 0 0 0 0 0 0 0 0 0 0 0 0 0 0 0 0 0 0 0 0 0 0 0 0 0 0 0 0 0 0 0 0 0 0 0 0 0 0 0 0 0 0 0 0 0 0 0 0 0 0 0 0 0 0 0 0 0 0 0 0 0 0 0 0 0 0 0 0 0 0 0 0 0 0 0 0 0 0 0 0 0 0 0 0 0 0 0 0 0 0 0 0 0 0 0 0 0 0 0 0 0 0 0 0 0 0.032 0.064 0.096 0.128 0.16 0.192 0.224 0.256 0.288 0.32 0.352 0.384 0.416 0.448 0.48 0.512 0.544 0.576 0.608 0.64 0.672 0.704 0.736 0.768 0.8 0.832 0.864 0.896 0.928 0.96 0.992 1.024 1.056 1.088 1.12 1.152 1.184 1.216 1.248 1.28 1.312 1.344 1.376 1.408 1.44 1.472 1.504 1.536 1.568 1.6 1.632 1.664 1.696 1.728 1.76 1.792 1.824 1.856 1.888 1.92 1.952 1.984 2.016 2.048 2.08 2.112 2.144 2.176 2.208 2.24 2.272 2.304 2.336 2.368 2.4 2.432 2.464 2.496 2.528 2.56 2.592 2.624 2.656 2.688 2.72 2.752 2.784 2.816 2.848 2.88 2.912 2.944 2.976 3.008 3.04 3.072 3.104 3.136 3.168 3.2 3.232 3.264 3.296 3.328 3.36 3.392 3.424 3.456 3.488 3.52 3.552 3.584 3.616 3.648 3.68 3.712 3.744 3.776 3.808 3.84 3.872 3.904 3.936 3.968 4 4.032 4.064 4.096 4.128 4.16 4.192 4.224 4.256 4.288 4.32 4.352 4.384 4.416 4.448 4.48 4.512 4.544 4.576 4.608 4.64 4.672 4.704 4.736 4.768 4.8 4.832 4.864 4.896 4.928 4.96 4.992 5.024 5.056 5.088 5.12 5.152 5.184 5.216 5.248 5.28 5.312 5.344 5.376 5.408 5.44 5.472 5.504 5.536 5.568 5.6 5.632 5.664 5.696 5.728 5.76 5.792 5.824 5.856 5.888 5.92 5.952 5.984 6.016 6.048 6.08 6.112 6.144 6.176 6.208 6.24 6.272 6.304 6.336 6.368 6.4 6.432 6.464 6.496 6.528 6.56 6.592 6.624 6.656 6.688 6.72 6.752 6.784 6.816 6.848 6.88 6.912 6.944 6.976 7.008 7.04 7.072 7.104 7.136 7.168 7.2 7.232 7.264 7.296 7.328 7.36 7.392 7.424 7.456 7.488 7.52 7.552 7.584 7.616 7.648 7.68 7.712 7.744 7.776 7.808 7.84 7.872 7.904 7.936 7.968 -8 -7.968 -7.936 -7.904 -7.872 -7.84 -7.808 -7.776 -7.744 -7.712 -7.68 -7.648 -7.616 -7.584 -7.552 -7.52 -7.488 -7.456 -7.424 -7.392 -7.36 -7.328 -7.296 -7.264 -7.232 -7.2 -7.168 -7.136 -7.104 -7.072 -7.04 -7.008 -6.976 -6.944 -6.912 -6.88 -6.848 -6.816 -6.784 -6.752 -6.72 -6.688 -6.656 -6.624 -6.592 -6.56 -6.528 -6.496 -6.464 -6.432 -6.4 -6.368 -6.336 -6.304 -6.272 -6.24 -6.208 -6.176 -6.144 -6.112 -6.08 -6.048 -6.016 -5.984 -5.952 -5.92 -5.888 -5.856 -5.824 -5.792 -5.76 -5.728 -5.696 -5.664 -5.632 -5.6 -5.568 -5.536 -5.504 -5.472 -5.44 -5.408 -5.376 -5.344 -5.312 -5.28 -5.248 -5.216 -5.184 -5.152 -5.12 -5.088 -5.056 -5.024 -4.992 -4.96 -4.928 -4.896 -4.864 -4.832 -4.8 -4.768 -4.736 -4.704 -4.672 -4.64 -4.608 -4.576 -4.544 -4.512 -4.48 -4.448 -4.416 -4.384 -4.352 -4.32 -4.288 -4.256 -4.224 -4.192 -4.16 -4.128 -4.096 -4.064 -4.032 -4 -3.968 -3.936 -3.904 -3.872 -3.84 -3.808 -3.776 -3.744 -3.712 -3.68 -3.648 -3.616 -3.584 -3.552 -3.52 -3.488 -3.456 -3.424 -3.392 -3.36 -3.328 -3.296 -3.264 -3.232 -3.2 -3.168 -3.136 -3.104 -3.072 -3.04 -3.008 -2.976 -2.944 -2.912 -2.88 -2.848 -2.816 -2.784 -2.752 -2.72 -2.688 -2.656 -2.624 -2.592 -2.56 -2.528 -2.496 -2.464 -2.432 -2.4 -2.368 -2.336 -2.304 -2.272 -2.24 -2.208 -2.176 -2.144 -2.112 -2.08 -2.048 -2.016 -1.984 -1.952 -1.92 -1.888 -1.856 -1.824 -1.792 -1.76 -1.728 -1.696 -1.664 -1.632 -1.6 -1.568 -1.536 -1.504 -1.472 -1.44 -1.408 -1.376 -1.344 -1.312 -1.28 -1.248 -1.216 -1.184 -1.152 -1.12 -1.088 -1.056 -1.024 -0.992 -0.96 -0.928 -0.896 -0.864 -0.832 -0.8 -0.768 -0.736 -0.704 -0.672 -0.64 -0.608 -0.576 -0.544 -0.512 -0.48 -0.448 -0.416 -0.384 -0.352 -0.32 -0.288 -0.256 -0.224 -0.192 -0.16 -0.128 -0.096 -0.064 -0.032 0 0 0 0 0 0 0 0 0 0 0 0 0 0 0 0 0 0 0 0 0 0 0 0 0 0 0 0 0 0 0 0 0 0 0 0 0 0 0 0 0 0 0 0 0 0 0 0 0 0 0 0 0 0 0 0 0 0 0 0 0 0 0 0 0 0 0 0 0 0 0 0 0 0 0 0 0 0 0 0 0 0 0 0 0 0 0 0 0 0 0 0 0 0 0 0 0 0 0 0 0 0 0 0 0 0 0 0 0 0 0 0 0 0 0 0 0 0 0 0 0 0 0 0 0 0 0 0 0 0 0 0 0 0 0 0 0 0 0 0 0 0 0 0 0 0 0 0 0 0 0 0 0 0 0 0 0 0 0 0 0 0 0 0 0 0 0 0 0 0 0 0 0 0 0 0 0 0 0 0 0 0 0 0 0 0 0 0 0 0 0 0 0 0 0 0 0 0 0 0 0 0 0 0 0 0 0 0 0 0 0 0 0 0 0 0 0 0 0 0 0 0 0 0 0 0 0 0 0 0 0 0 0 0 0 0 0 0 0 0 0 0 0 0 0 0 0 0 0 0 0 
0 0 0 0 0 0 0 0 0 0 0 0 0 0 0 0 0 0 0 0 0 0 0 0 0 0 0 0 0 0 0 0 0 0 0 0 0 0 0 0 0 0 0 0 0 0 0 0 0 0 0 0 0 0 0 0 0 0 0 0 0 0 0 0 0 0 0 0 0 0 0 0 0 0 0 0 0 0 0 0 0 0 0 0 0 0 0 0 0 0 0 0 0 0 0 0 0 0 0 0 0 0 0 0 0 0 0 0 0 0 0 0 0 0 0 0 0 0 0 0 0 0 0 0 0 0 0 0 0 0 0 0 0 0 0 0 0 0 0 0 0 0 0 0 0 0 0 0 0 0 0 0 0 0 0 0 0 0 0 0 0 0 0 0 0 0 0 0 0 0 0 0 0 0 0 0 0 0 0 0 0 0 0 0 0 0 0 0 0 0 0 0 0 0 0 0 0 0 0 0 0 0 0 0 0 0 0 0 0 0 0 0 0 0 0 0 0 0 0 0 0 0 0 0 0 0 0 0 0 0 0 0 0 0 0 0 0 0 0 0 0 0 0 0 0 0 0 0 0 0 0 0 0 0 0 0 0 0 0 0 0 0 0 0 0 0 0 0 0 0 0 0 0 0 0 0 0 0 0 0 0 0 0 0 0 0 0 0 0 0 0 0 0 0 0 0 0 0 0 0 0 0 0 0 0 0 0 0 0 0 0 0 0 0 0 0 0 0 0 0 0 0 0 0 0 0 0 0 0 0 0 0 0 0 0 0 0 0 0 0 0 0 0 0 0 0 0 0 0 0 0 0 0 0 0 0 0 0 0 0 0 0 0 0 0 0 0 0 0 0 0 0 0 0 0 0 0 0 0 0 0 0 0 0 0 0 0 0 0 0 0 0 0 0 0 0 0 0 0 0 0 0 0 0 0 0 0 0 0 0 0 0 0 0 0 0 0 0 0 0 0 0 0 0 0 0 0 0 0 0 0 0 0 0 0 0 0 0 0 0 0 0 0 0 0 0 0 0 0 0 0 0 0 0 0 0 0 0 0 0 0 0 0 0 0 0 0 0 0 0 0 0 0 0 0 0 0 0 0 0 0 0 0 0 0 0 0 0 0 0 0 0 0 0 0 0 0 0 0 0 8 7.936 7.872 7.808 7.744 7.68 7.616 7.552 7.488 7.424 7.36 7.296 7.232 7.168 7.104 7.04 6.976 6.912 6.848 6.784 6.72 6.656 6.592 6.528 6.464 6.4 6.336 6.272 6.208 6.144 6.08 6.016 5.952 5.888 5.824 5.76 5.696 5.632 5.568 5.504 5.44 5.376 5.312 5.248 5.184 5.12 5.056 4.992 4.928 4.864 4.8 4.736 4.672 4.608 4.544 4.48 4.416 4.352 4.288 4.224 4.16 4.096 4.032 3.968 3.904 3.84 3.776 3.712 3.648 3.584 3.52 3.456 3.392 3.328 3.264 3.2 3.136 3.072 3.008 2.944 2.88 2.816 2.752 2.688 2.624 2.56 2.496 2.432 2.368 2.304 2.24 2.176 2.112 2.048 1.984 1.92 1.856 1.792 1.728 1.664 1.6 1.536 1.472 1.408 1.344 1.28 1.216 1.152 1.088 1.024 0.96 0.896 0.832 0.768 0.704 0.64 0.576 0.512 0.448 0.384 0.32 0.256 0.192 0.128 0.064 0 -0.064 -0.128 -0.192 -0.256 -0.32 -0.384 -0.448 -0.512 -0.576 -0.64 -0.704 -0.768 -0.832 -0.896 -0.96 -1.024 -1.088 -1.152 -1.216 -1.28 -1.344 -1.408 -1.472 -1.536 -1.6 -1.664 -1.728 -1.792 -1.856 -1.92 -1.984 -2.048 -2.112 -2.176 -2.24 -2.304 -2.368 -2.432 -2.496 -2.56 -2.624 -2.688 -2.752 -2.816 -2.88 -2.944 -3.008 -3.072 -3.136 -3.2 -3.264 -3.328 -3.392 -3.456 -3.52 -3.584 -3.648 -3.712 -3.776 -3.84 -3.904 -3.968 -4.032 -4.096 -4.16 -4.224 -4.288 -4.352 -4.416 -4.48 -4.544 -4.608 -4.672 -4.736 -4.8 -4.864 -4.928 -4.992 -5.056 -5.12 -5.184 -5.248 -5.312 -5.376 -5.44 -5.504 -5.568 -5.632 -5.696 -5.76 -5.824 -5.888 -5.952 -6.016 -6.08 -6.144 -6.208 -6.272 -6.336 -6.4 -6.464 -6.528 -6.592 -6.656 -6.72 -6.784 -6.848 -6.912 -6.976 -7.04 -7.104 -7.168 -7.232 -7.296 -7.36 -7.424 -7.488 -7.552 -7.616 -7.68 -7.744 -7.808 -7.872 -7.936 0 0 0 0 0 0 0 0 0 0 0 0 0 0 0 0 0 0 0 0 0 0 0 0 0 0 0 0 0 0 0 0 0 0 0 0 0 0 0 0 0 0 0 0 0 0 0 0 0 0 0 0 0 0 0 0 0 0 0 0 0 0 0 0 0 0 0 0 0 0 0 0 0 0 0 0 0 0 0 0 0 0 0 0 0 0 0 0 0 0 0 0 0 0 0 0 0 0 0 0 0 0 0 0 0 0 0 0 0 0 0 0 0 0 0 0 0 0 0 0 0 0 0 0 0 0 0 0 0 0 0 0 0 0 0 0 0 0 0 0 0 0 0 0 0 0 0 0 0 0 0 0 0 0 0 0 0 0 0 0 0 0 0 0 0 0 0 0 0 0 0 0 0 0 0 0 0 0 0 0 0 0 0 0 0 0 0 0 0 0 0 0 0 0 0 0 0 0 0 0 0 0 0 0 0 0 0 0 0 0 0 0 0 0 0 0 0 0 0 0 0 0 0 0 0 0 0 0 0 0 0 0 0 0 0 0 0 0 0 0 0 0 0 0 0 0 0 0 0 0 0 
0 0 0 0 0 0 0 0 0 0 0 0 0 0 0 0 0 0 0 0 0 0 0 0 0 0 0 0 0 0 0 0 0 0 0 0 0 0 0 0 0 0 0 0 0 0 0 0 0 0 0 0 0 0 0 0 0 0 0 0 0 0 0 0 0 0 0 0 0 0 0 0 0 0 0 0 0 0 0 0 0 0 0 0 0 0 0 0 0 0 0 0 0 0 0 0 0 0 0 0 0 0 0 0 0 0 0 0 0 0 0 0 0 0 0 0 0 0 0 0 0 0 0 0 0 0 0 0 0 0 0 0 0 0 0 0 0 0 0 0 0 0 0 0 0 0 0 0 0 0 0 0 0 0 0 0 0 0 0 0 0 0 0 0 0 0 0 0 0 0 0 0 0 0 0 0 0 0 0 0 0 0 0 0 0 0 0 0 0 0 0 0 0 0 0 0 0 0 0 0 0 0 0 0 0 0 0 0 0 0 0 0 0 0 0 0 0 0 0 0 0 0 0 0 0 0 0 0 0 0 0 0 0 0 0 0 0 0 0 0 0 0 0 0 0 0 0 0 0 0 0 0 0 0 0 0 0 0 0 0 0 0 0 0 0 0 0 0 0 0 0 0 0 0 0 0 0 0 0 0 0 0 0 0 0 0 0 0 0 0 0 0 0 0 0 0 0 0 0 0 0 0 0 0 0 0 0 0 0 0 0 0 0 0 0 0 0 0 0 0 0 0 0 0 0 0 0 0 0 0 0 0 0 0 0 0 0 0 0 0 0 0 0 0 0 0 0 0 0 0 0 0 0 0 0 0 0 0 0 0 0 0 0 0 0 0 0 0 0 0 0 0 0 0 0 0 0 0 0 0 0 0 0 0 0 0 0 0 0 0 0 0 0 0 0 0 0 0 0 0 0 0 0 0 0 0 0 0 0 0 0 0 0 0 0 0 0 0 0 0 0 0 0 0 0 0 0 0 0 0 0 0 0 0 0 0 0 0 0 0 0 0 0 0 0 0 0 0 0 0 0 0 0 0 0 0 0 0 0 0 0 0 0 0 0 0 0 0 0 0 0 0 0 0 0 0 0 0 0 0 0 0 0 0 0 0 0 0 0 0 0 0 0 0 0 0 0 0 0 0 0 0.032 0.064 0.096 0.128 0.16 0.192 0.224 0.256 0.288 0.32 0.352 0.384 0.416 0.448 0.48 0.512 0.544 0.576 0.608 0.64 0.672 0.704 0.736 0.768 0.8 0.832 0.864 0.896 0.928 0.96 0.992 1.024 1.056 1.088 1.12 1.152 1.184 1.216 1.248 1.28 1.312 1.344 1.376 1.408 1.44 1.472 1.504 1.536 1.568 1.6 1.632 1.664 1.696 1.728 1.76 1.792 1.824 1.856 1.888 1.92 1.952 1.984 2.016 2.048 2.08 2.112 2.144 2.176 2.208 2.24 2.272 2.304 2.336 2.368 2.4 2.432 2.464 2.496 2.528 2.56 2.592 2.624 2.656 2.688 2.72 2.752 2.784 2.816 2.848 2.88 2.912 2.944 2.976 3.008 3.04 3.072 3.104 3.136 3.168 3.2 3.232 3.264 3.296 3.328 3.36 3.392 3.424 3.456 3.488 3.52 3.552 3.584 3.616 3.648 3.68 3.712 3.744 3.776 3.808 3.84 3.872 3.904 3.936 3.968 4 4.032 4.064 4.096 4.128 4.16 4.192 4.224 4.256 4.288 4.32 4.352 4.384 4.416 4.448 4.48 4.512 4.544 4.576 4.608 4.64 4.672 4.704 4.736 4.768 4.8 4.832 4.864 4.896 4.928 4.96 4.992 5.024 5.056 5.088 5.12 5.152 5.184 5.216 5.248 5.28 5.312 5.344 5.376 5.408 5.44 5.472 5.504 5.536 5.568 5.6 5.632 5.664 5.696 5.728 5.76 5.792 5.824 5.856 5.888 5.92 5.952 5.984 6.016 6.048 6.08 6.112 6.144 6.176 6.208 6.24 6.272 6.304 6.336 6.368 6.4 6.432 6.464 6.496 6.528 6.56 6.592 6.624 6.656 6.688 6.72 6.752 6.784 6.816 6.848 6.88 6.912 6.944 6.976 7.008 7.04 7.072 7.104 7.136 7.168 7.2 7.232 7.264 7.296 7.328 7.36 7.392 7.424 7.456 7.488 7.52 7.552 7.584 7.616 7.648 7.68 7.712 7.744 7.776 7.808 7.84 7.872 7.904 7.936 7.968 -8 -7.968 -7.936 -7.904 -7.872 -7.84 -7.808 -7.776 -7.744 -7.712 -7.68 -7.648 -7.616 -7.584 -7.552 -7.52 -7.488 -7.456 -7.424 -7.392 -7.36 -7.328 -7.296 -7.264 -7.232 -7.2 -7.168 -7.136 -7.104 -7.072 -7.04 -7.008 -6.976 -6.944 -6.912 -6.88 -6.848 -6.816 -6.784 -6.752 -6.72 -6.688 -6.656 -6.624 -6.592 -6.56 -6.528 -6.496 -6.464 -6.432 -6.4 -6.368 -6.336 -6.304 -6.272 -6.24 -6.208 -6.176 -6.144 -6.112 -6.08 -6.048 -6.016 -5.984 -5.952 -5.92 -5.888 -5.856 -5.824 -5.792 -5.76 -5.728 -5.696 -5.664 -5.632 -5.6 -5.568 -5.536 -5.504 -5.472 -5.44 -5.408 -5.376 -5.344 -5.312 -5.28 -5.248 -5.216 -5.184 -5.152 -5.12 -5.088 -5.056 -5.024 -4.992 -4.96 -4.928 -4.896 -4.864 -4.832 -4.8 -4.768 -4.736 -4.704 -4.672 -4.64 -4.608 -4.576 -4.544 -4.512 -4.48 -4.448 -4.416 -4.384 -4.352 -4.32 -4.288 -4.256 -4.224 -4.192 -4.16 -4.128 -4.096 -4.064 -4.032 -4 -3.968 -3.936 -3.904 -3.872 -3.84 -3.808 -3.776 -3.744 -3.712 -3.68 -3.648 -3.616 -3.584 -3.552 -3.52 -3.488 -3.456 -3.424 -3.392 -3.36 -3.328 -3.296 -3.264 -3.232 -3.2 -3.168 -3.136 -3.104 -3.072 -3.04 -3.008 -2.976 -2.944 -2.912 -2.88 -2.848 -2.816 -2.784 -2.752 -2.72 -2.688 -2.656 -2.624 -2.592 -2.56 -2.528 -2.496 -2.464 -2.432 -2.4 -2.368 -2.336 -2.304 -2.272 -2.24 -2.208 -2.176 -2.144 -2.112 -2.08 -2.048 -2.016 -1.984 -1.952 -1.92 -1.888 -1.856 -1.824 -1.792 -1.76 -1.728 -1.696 -1.664 -1.632 -1.6 -1.568 -1.536 -1.504 -1.472 -1.44 -1.408 -1.376 -1.344 -1.312 -1.28 -1.248 -1.216 -1.184 -1.152 -1.12 -1.088 -1.056 -1.024 -0.992 -0.96 -0.928 -0.896 -0.864 -0.832 -0.8 -0.768 -0.736 -0.704 -0.672 -0.64 -0.608 -0.576 -0.544 -0.512 -0.48 -0.448 -0.416 -0.384 -0.352 -0.32 -0.288 -0.256 -0.224 -0.192 -0.16 -0.128 -0.096 -0.064 -0.032 0 
0 0 0 0 0 0 0 0 0 0 0 0 0 0 0 0 0 0 0 0 0 0 0 0 0 0 0 0 0 0 0 0 0 0 0 0 0 0 0 0 0 0 0 0 0 0 0 0 0 0 0 0 0 0 0 0 0 0 0 0 0 0 0 0 0 0 0 0 0 0 0 0 0 0 0 0 0 0 0 0 0 0 0 0 0 0 0 0 0 0 0 0 0 0 0 0 0 0 0 0 0 0 0 0 0 0 0 0 0 0 0 0 0 0 0 0 0 0 0 0 0 0 0 0 0 0 0 0 0 0 0 0 0 0 0 0 0 0 0 0 0 0 0 0 0 0 0 0 0 0 0 0 0 0 0 0 0 0 0 0 0 0 0 0 0 0 0 0 0 0 0 0 0 0 0 0 0 0 0 0 0 0 0 0 0 0 0 0 0 0 0 0 0 0 0 0 0 0 0 0 0 0 0 0 0 0 0 0 0 0 0 0 0 0 0 0 0 0 0 0 0 0 0 0 0 0 0 0 0 0 0 0 0 0 0 0 0 0 0 0 0 0 0 0 0 0 0 0 0 0 0 0 0 0 0 0 0 0 0 0 0 0 0 0 0 0 0 0 0 0 0 0 0 0 0 0 0 0 0 0 0 0 0 0 0 0 0 0 0 0 0 0 0 0 0 0 0 0 0 0 0 0 0 0 0 0 0 0 0 0 0 0 0 0 0 0 0 0 0 0 0 0 0 0 0 0 0 0 0 0 0 0 0 0 0 0 0 0 0 0 0 0 0 0 0 0 0 0 0 0 0 0 0 0 0 0 0 0 0 0 0 0 0 0 0 0 0 0 0 0 0 0 0 0 0 0 0 0 0 0 0 0 0 0 0 0 0 0 0 0 0 0 0 0 0 0 0 0 0 0 0 0 0 0 0 0 0 0 0 0 0 0 0 0 0 0 0 0 0 0 0 0 0 0 0 0 0 0 0 0 0 0 0 0 0 0 0 0 0 0 0 0 0 0 0 0 0 0 0 0 0 0 0 0 0 0 0 0 0 0 0 0 0 0 0 0 0 0 0 0 0 0 0 0 0 0 0 0 0 0 0 0 0 0 0 0 0 0 0 0 0 0 0 0 0 0 0 0 0 0 0 0 0 0 0 0 0 0 0 0 0 0 0 0 0 0 0 0 0 0 0 0 0 0 0 0 0 0 0 0 0 0 0 0 0 0 0 0 0 0 0 0 0 0 0 0 0 0 0 0 0 0 0 0 0 0 0 0 0 0 0 0 0 0 0 0 0 0 0 0 0 0 0 0 0 0 0 0 0 0 0 0 0 0 0 0 0 0 0 0 0 0 0 0 0 0 0 0 0 0 0 0 0 0 0 0 0 0 0 0 0 0 0 0 0 0 0 0 0 0 0 0 0 0 0 0 0 0 0 0 0 0 0 0 0 0 0 0 0 0 0 0 0 0 0 0 0 0 0 0 0 0 0 0 0 0 0 0 0 0 0 0 0 0 0 0 0 0 0 0 0 0 0 0 0 0 0 0 0 0 0 0 0 0 0 0 0 0 0 0 0 0 0 0 0 0 0 0 0 0 0 0 0 0 0 0 0 0 0 0 0 0 0 0 0 0 0 0 0 0 0 0 0 0 0 0 0 0 0 0 0 0 0 0 0 0 0 0 0 0 0 0 0 0 0 0 0 0 0 0 8 7.936 7.872 7.808 7.744 7.68 7.616 7.552 7.488 7.424 7.36 7.296 7.232 7.168 7.104 7.04 6.976 6.912 6.848 6.784 6.72 6.656 6.592 6.528 6.464 6.4 6.336 6.272 6.208 6.144 6.08 6.016 5.952 5.888 5.824 5.76 5.696 5.632 5.568 5.504 5.44 5.376 5.312 5.248 5.184 5.12 5.056 4.992 4.928 4.864 4.8 4.736 4.672 4.608 4.544 4.48 4.416 4.352 4.288 4.224 4.16 4.096 4.032 3.968 3.904 3.84 3.776 3.712 3.648 3.584 3.52 3.456 3.392 3.328 3.264 3.2 3.136 3.072 3.008 2.944 2.88 2.816 2.752 2.688 2.624 2.56 2.496 2.432 2.368 2.304 2.24 2.176 2.112 2.048 1.984 1.92 1.856 1.792 1.728 1.664 1.6 1.536 1.472 1.408 1.344 1.28 1.216 1.152 1.088 1.024 0.96 0.896 0.832 0.768 0.704 0.64 0.576 0.512 0.448 0.384 0.32 0.256 0.192 0.128 0.064 0 -0.064 -0.128 -0.192 -0.256 -0.32 -0.384 -0.448 -0.512 -0.576 -0.64 -0.704 -0.768 -0.832 -0.896 -0.96 -1.024 -1.088 -1.152 -1.216 -1.28 -1.344 -1.408 -1.472 -1.536 -1.6 -1.664 -1.728 -1.792 -1.856 -1.92 -1.984 -2.048 -2.112 -2.176 -2.24 -2.304 -2.368 -2.432 -2.496 -2.56 -2.624 -2.688 -2.752 -2.816 -2.88 -2.944 -3.008 -3.072 -3.136 -3.2 -3.264 -3.328 -3.392 -3.456 -3.52 -3.584 -3.648 -3.712 -3.776 -3.84 -3.904 -3.968 -4.032 -4.096 -4.16 -4.224 -4.288 -4.352 -4.416 -4.48 -4.544 -4.608 -4.672 -4.736 -4.8 -4.864 -4.928 -4.992 -5.056 -5.12 -5.184 -5.248 -5.312 -5.376 -5.44 -5.504 -5.568 -5.632 -5.696 -5.76 -5.824 -5.888 -5.952 -6.016 -6.08 -6.144 -6.208 -6.272 -6.336 -6.4 -6.464 -6.528 -6.592 -6.656 -6.72 -6.784 -6.848 -6.912 -6.976 -7.04 -7.104 -7.168 -7.232 -7.296 -7.36 -7.424 -7.488 -7.552 -7.616 -7.68 -7.744 -7.808 -7.872 -7.936 -8 
0 0 0 0 0 0 0 0 0 0 0 0 0 0 0 0 0 0 0 0 0 0 0 0 0 0 0 0 0 0 0 0 0 0 0 0 0 0 0 0 0 0 0 0 0 0 0 0 0 0 0 0 0 0 0 0 0 0 0 0 0 0 0 0 0 0 0 0 0 0 0 0 0 0 0 0 0 0 0 0 0 0 0 0 0 0 0 0 0 0 0 0 0 0 0 0 0 0 0 0 0 0 0 0 0 0 0 0 0 0 0 0 0 0 0 0 0 0 0 0 0 0 0 0 0 0 0 0 0 0 0 0 0 0 0 0 0 0 0 0 0 0 0 0 0 0 0 0 0 0 0 0 0 0 0 0 0 0 0 0 0 0 0 0 0 0 0 0 0 0 0 0 0 0 0 0 0 0 0 0 0 0 0 0 0 0 0 0 0 0 0 0 0 0 0 0 0 0 0 0 0 0 0 0 0 0 0 0 0 0 0 0 0 0 0 0 0 0 0 0 0 0 0 0 0 0 0 0 0 0 0 0 0 0 0 0 0 0 0 0 0 0 0 0 0 0 0 0 0 0 0 0 0 0 0 0 0 0 0 0 0 0 0 0 0 0 0 0 0 0 0 0 0 0 0 0 0 0 0 0 0 0 0 0 0 0 0 0 0 0 0 0 0 0 0 0 0 0 0 0 0 0 0 0 0 0 0 0 0 0 0 0 0 0 0 0 0 0 0 0 0 0 0 0 0 0 0 0 0 0 0 0 0 0 0 0 0 0 0 0 0 0 0 0 0 0 0 0 0 0 0 0 0 0 0 0 0 0 0 0 0 0 0 0 0 0 0 0 0 0 0 0 0 0 0 0 0 0 0 0 0 0 0 0 0 0 0 0 0 0 0 0 0 0 0 0 0 0 0 0 0 0 0 0 0 0 0 0 0 0 0 0 0 0 0 0 0 0 0 0 0 0 0 0 0 0 0 0 0 0 0 0 0 0 0 0 0 0 0 0 0 0 0 0 0 0 0 0 0 0 0 0 0 0 0 0 0 0 0 0 0 0 0 0 0 0 0 0 0 0 0 0 0 0 0 0 0 0 0 0 0 0 0 0 0 0 0 0 0 0 0 0 0 0 0 0 0 0 0 0 0 0 0 0 0 0 0 0 0 0 0 0 0 0 0 0 0 0 0 0 0 0 0 0 0 0 0 0 0 0 0 0 0 0 0 0 0 0 0 0 0 0 0 0 0 0 0 0 0 0 0 0 0 0 0 0 0 0 0 0 0 0 0 0 0 0 0 0 0 0 0 0 0 0 0 0 0 0 0 0 0 0 0 0 0 0 0 0 0 0 0 0 0 0 0 0 0 0 0 0 0 0 0 0 0 0 0 0 0 0 0 0 0 0 0 0 0 0 0 0 0 0 0 0 0 0 0 0 0 0 0 0 0 0 0 0 0 0 0 0 0 0 0 0 0 0 0 0 0 0 0 0 0 0 0 0 0 0 0 0 0 0 0 0 0 0 0 0 0 0 0 0 0 0 0 0 0 0 0 0 0 0 0 0 0 0 0 0 0 0 0 0 0 0 0 0 0 0 0 0 0 0 0 0 0 0 0 0 0 0 0 0 0 0 0 0 0 0 0 0 0 0 0 0 0 0 0 0 0 0 0 0 0 0 0 0 0 0 0 0 0 0 0 0 0 0 0 0 0 0 0 0.032 0.064 0.096 0.128 0.16 0.192 0.224 0.256 0.288 0.32 0.352 0.384 0.416 0.448 0.48 0.512 0.544 0.576 0.608 0.64 0.672 0.704 0.736 0.768 0.8 0.832 0.864 0.896 0.928 0.96 0.992 1.024 1.056 1.088 1.12 1.152 1.184 1.216 1.248 1.28 1.312 1.344 1.376 1.408 1.44 1.472 1.504 1.536 1.568 1.6 1.632 1.664 1.696 1.728 1.76 1.792 1.824 1.856 1.888 1.92 1.952 1.984 2.016 2.048 2.08 2.112 2.144 2.176 2.208 2.24 2.272 2.304 2.336 2.368 2.4 2.432 2.464 2.496 2.528 2.56 2.592 2.624 2.656 2.688 2.72 2.752 2.784 2.816 2.848 2.88 2.912 2.944 2.976 3.008 3.04 3.072 3.104 3.136 3.168 3.2 3.232 3.264 3.296 3.328 3.36 3.392 3.424 3.456 3.488 3.52 3.552 3.584 3.616 3.648 3.68 3.712 3.744 3.776 3.808 3.84 3.872 3.904 3.936 3.968 4 4.032 4.064 4.096 4.128 4.16 4.192 4.224 4.256 4.288 4.32 4.352 4.384 4.416 4.448 4.48 4.512 4.544 4.576 4.608 4.64 4.672 4.704 4.736 4.768 4.8 4.832 4.864 4.896 4.928 4.96 4.992 5.024 5.056 5.088 5.12 5.152 5.184 5.216 5.248 5.28 5.312 5.344 5.376 5.408 5.44 5.472 5.504 5.536 5.568 5.6 5.632 5.664 5.696 5.728 5.76 5.792 5.824 5.856 5.888 5.92 5.952 5.984 6.016 6.048 6.08 6.112 6.144 6.176 6.208 6.24 6.272 6.304 6.336 6.368 6.4 6.432 6.464 6.496 6.528 6.56 6.592 6.624 6.656 6.688 6.72 6.752 6.784 6.816 6.848 6.88 6.912 6.944 6.976 7.008 7.04 7.072 7.104 7.136 7.168 7.2 7.232 7.264 7.296 7.328 7.36 7.392 7.424 7.456 7.488 7.52 7.552 7.584 7.616 7.648 7.68 7.712 7.744 7.776 7.808 7.84 7.872 7.904 7.936 7.968 8 
0 0 0 0 0 0 0 0 0 0 0 0 0 0 0 0 0 0 0 0 0 0 0 0 0 0 0 0 0 0 0 0 0 0 0 0 0 0 0 0 0 0 0 0 0 0 0 0 0 0 0 0 0 0 0 0 0 0 0 0 0 0 0 0 0 0 0 0 0 0 0 0 0 0 0 0 0 0 0 0 0 0 0 0 0 0 0 0 0 0 0 0 0 0 0 0 0 0 0 0 0 0 0 0 0 0 0 0 0 0 0 0 0 0 0 0 0 0 0 0 0 0 0 0 0 0 0 0 0 0 0 0 0 0 0 0 0 0 0 0 0 0 0 0 0 0 0 0 0 0 0 0 0 0 0 0 0 0 0 0 0 0 0 0 0 0 0 0 0 0 0 0 0 0 0 0 0 0 0 0 0 0 0 0 0 0 0 0 0 0 0 0 0 0 0 0 0 0 0 0 0 0 0 0 0 0 0 0 0 0 0 0 0 0 0 0 0 0 0 0 0 0 0 0 0 0 0 0 0 0 0 0 0 0 0 0 0 0 0 0 0 0 0 0 0 0 0 0 0 0 0 0 0 0 0 0 0 0 0 0 0 0 0 0 0 0 0 0 0 0 0 0 0 0 0 0 0 0 0 0 0 0 0 0 0 0 0 0 0 0 0 0 0 0 0 0 0 0 0 0 0 0 0 0 0 0 0 0 0 0 0 0 0 0 0 0 0 0 0 0 0 0 0 0 0 0 0 0 0 0 0 0 0 0 0 0 0 0 0 0 0 0 0 0 0 0 0 0 0 0 0 0 0 0 0 0 0 0 0 0 0 0 0 0 0 0 0 0 0 0 0 0 0 0 0 0 0 0 0 0 0 0 0 0 0 0 0 0 0 0 0 0 0 0 0 0 0 0 0 0 0 0 0 0 0 0 0 0 0 0 0 0 0 0 0 0 0 0 0 0 0 0 0 0 0 0 0 0 0 0 0 0 0 0 0 0 0 0 0 0 0 0 0 0 0 0 0 0 0 0 0 0 0 0 0 0 0 0 0 0 0 0 0 0 0 0 0 0 0 0 0 0 0 0 0 0 0 0 0 0 0 0 0 0 0 0 0 0 0 0 0 0 0 0 0 0 0 0 0 0 0 0 0 0 0 0 0 0 0 0 0 0 0 0 0 0 0 0 0 0 0 0 0 0 0 0 0 0 0 0 0 0 0 0 0 0 0 0 0 0 0 0 0 0 0 0 0 0 0 0 0 0 0 0 0 0 0 0 0 0 0 0 0 0 0 0 0 0 0 0 0 0 0 0 0 0 0 0 0 0 0 0 0 0 0 0 0 0 0 0 0 0 0 0 0 0 0 0 0 0 0 0 0 0 0 0 0 0 0 0 0 0 0 0 0 0 0 0 0 0 0 0 0 0 0 0 0 0 0 0 0 0 0 0 0 0 0 0 0 0 0 0 0 0 0 0 0 0 0 0 0 0 0 0 0 0 0 0 0 0 0 0 0 0 0 0 0 0 0 0 0 0 0 0 0 0 0 0 0 0 0 0 0 0 0 0 0 0 0 0 0 0 0 0 0 0 0 0 0 0 0 0 0 0 0 0 0 0 0 0 0 0 0 0 0 0 0 0 0 0 0 0 0 0 0 0 0 0 0 0 0 0 0 0 0 0 0 0 0 0 0 0 0 0 0 0 0 0 0 0 0 0 0 0 0 0 0 0 0 0 0 0 0 0 0 0 0 0 0 0 0 0 0 0 0 0 0 0 0 0 0 0 0 0 0 0 0 0 0 0 0 0 0 0 0 0 0 0 0 0 0 0 0 0 0 0 0 0 0 0 0 0 0 0 0 0 0 0 0 0 0 0 0 0 0 0 0 0 0 0 0 0 0 0 0 0 0 0 0 0 0 0 0 0 0 0 0 0 0 0 0 0 0 0 0 0 0 0 0 0 0 0 0 0 0 0 0 0 0 0 0 0 0 0 0 0 0 0 0 0 0 0 0 0 0 0 0 0 0 0 0 0 0 0 0 0 0 0 0 0 0 0 0 0 0 0 0 0 0 0 0 0 0 0 0 0 0 0 0 0 0 0 0 0 0 0 0 0 0 0 0 0 0 0 0 0 0 0 0 0 0 0 0 0 0 0 0 0 0 0 0 0 0 0 0 0 0 0 0 0 0 0 0 0 0 0 0 0 0 0 0 0 0 0 0 0 0 0 0 0 0 0 0 0 0 0 0 0 0 0 0 0 0 0 0 0 0 0 0 0 0 
