1 0.992016 0.984064 0.976144 0.968256 0.9604 0.952576 0.944784 0.937024 0.929296 0.9216 0.913936 0.906304 0.898704 0.891136 0.8836 0.876096 0.868624 0.861184 0.853776 0.8464 0.839056 0.831744 0.824464 0.817216 0.81 0.802816 0.795664 0.788544 0.781456 0.7744 0.767376 0.760384 0.753424 0.746496 0.7396 0.732736 0.725904 0.719104 0.712336 0.7056 0.698896 0.692224 0.685584 0.678976 0.6724 0.665856 0.659344 0.652864 0.646416 0.64 0.633616 0.627264 0.620944 0.614656 0.6084 0.602176 0.595984 0.589824 0.583696 0.5776 0.571536 0.565504 0.559504 0.553536 0.5476 0.541696 0.535824 0.529984 0.524176 0.5184 0.512656 0.506944 0.501264 0.495616 0.49 0.484416 0.478864 0.473344 0.467856 0.4624 0.456976 0.451584 0.446224 0.440896 0.4356 0.430336 0.425104 0.419904 0.414736 0.4096 0.404496 0.399424 0.394384 0.389376 0.3844 0.379456 0.374544 0.369664 0.364816 0.36 0.355216 0.350464 0.345744 0.341056 0.3364 0.331776 0.327184 0.322624 0.318096 0.3136 0.309136 0.304704 0.300304 0.295936 0.2916 0.287296 0.283024 0.278784 0.274576 0.2704 0.266256 0.262144 0.258064 0.254016 0.25 0.246016 0.242064 0.238144 0.234256 0.2304 0.226576 0.222784 0.219024 0.215296 0.2116 0.207936 0.204304 0.200704 0.197136 0.1936 0.190096 0.186624 0.183184 0.179776 0.1764 0.173056 0.169744 0.166464 0.163216 0.16 0.156816 0.153664 0.150544 0.147456 0.1444 0.141376 0.138384 0.135424 0.132496 0.1296 0.126736 0.123904 0.121104 0.118336 0.1156 0.112896 0.110224 0.107584 0.104976 0.1024 0.099856 0.097344 0.094864 0.092416 0.09 0.087616 0.085264 0.082944 0.080656 0.0784 0.076176 0.073984 0.071824 0.069696 0.0676 0.065536 0.063504 0.061504 0.059536 0.0576 0.055696 0.053824 0.051984 0.050176 0.0484 0.046656 0.044944 0.043264 0.041616 0.04 0.038416 0.036864 0.035344 0.033856 0.0324 0.030976 0.029584 0.028224 0.026896 0.0256 0.024336 0.023104 0.021904 0.020736 0.0196 0.018496 0.017424 0.016384 0.015376 0.0144 0.013456 0.012544 0.011664 0.010816 0.01 0.009216 0.008464 0.007744 0.007056 0.0064 0.005776 0.005184 0.004624 0.004096 0.0036 0.003136 0.002704 0.002304 0.001936 0.0016 0.001296 0.001024 0.000784 0.000576 0.0004 0.000256 0.000144 6.4e-05 1.6e-05 0 0 0 0 0 0 0 0 0 0 0 0 0 0 0 0 0 0 0 0 0 0 0 0 0 0 0 0 0 0 0 0 0 0 0 0 0 0 0 0 0 0 0 0 0 0 0 0 0 0 0 0 0 0 0 0 0 0 0 0 0 0 0 0 0 0 0 0 0 0 0 0 0 0 0 0 0 0 0 0 0 0 0 0 0 0 0 0 0 0 0 0 0 0 0 0 0 0 0 0 0 0 0 0 0 0 0 0 0 0 0 0 0 0 0 0 0 0 0 0 0 0 0 0 0 0 0 0 0 0 0 0 0 0 0 0 0 0 0 0 0 0 0 0 0 0 0 0 0 0 0 0 0 0 0 0 0 0 0 0 0 0 0 0 0 0 0 0 0 0 0 0 0 0 0 0 0 0 0 0 0 0 0 0 0 0 0 0 0 0 0 0 0 0 0 0 0 0 0 0 0 0 0 0 0 0 0 0 0 0 0 0 0 0 0 0 0 0 0 0 0 0 0 0 0 0 0 0 0 0 0 0 0 0 0 0 0 0 0 0 0 0 0 0 0 0 0 0 0 0 0 0 0 0 0 0 0 0 0 0 0 0 0 0 0 0 0 0 0 0 0 0 0 0 0 0 0 0 0 0 0 0 0 0 0 0 0 0 0 0 0 0 0 0 0 0 0 0 0 0 0 0 0 0 0 0 0 0 0 0 0 0 0 0 0 0 0 0 0 0 0 0 0 0 0 0 0 0 0 0 0 0 0 0 0 0 0 0 0 0 0 0 0 0 0 0 0 0 0 0 0 0 0 0 0 0 0 0 0 0 0 0 0 0 0 0 0 0 0 0 0 0 0 0 0 0 0 0 0 0 0 0 0 0 0 0 0 0 0 0 0 0 0 0 0 0 0 0 0 0 0 0 0 0 0 0 0 0 0 0 0 0 0 0 0 0 0 0 0 0 0 0 0 0 0 0 0 0 0 0 0 0 0 0 0 0 0 0 0 0 0 0 0 0 0 0 0 0 0 0 0 0 0 0 0 0 0 0 0 0 0 0 0 0 0 0 0 0 0 0 0 0 0 0 0 0 0 0 0 0 0 0 0 0 0 0 0 0 0 0 0 0 0 0 0 0 0 0 0 0 0 0 0 0 0 0 0 0 0 0 0 0 0 0 0 0 0 0 0 0 0 0 0 0 0 0 0 0 0 0 0 0 0 0 0 0 0 0 0 0 0 0 0 0 0 0 0 0 0 0 0 0 0 0 0 0 0 0 0 0 0 0 0 0 0 0 0 0 0 0 0 0 0 0 0 0 0 0 0 0 0 0 0 0 0 0 0 0 0 0 0 0 0 0 0 0 0 0 0 0 0 0 0 0 0 0 0 0 0 0 0 0 0 0 0 0 0 0 0 0 0 0 0 0 0 0 0 0 0 0 0 0 0 0 0 0 0 0 0 0 0 0 0 0 0 0 0 0 0 0 0 0 0 0 0 0 0 0 0 0 0 0 0 0 0 0 0 0 0 0 0 0 0 0 0 0 0 0 0 0 0 0 0 0 0 0 0 0 0 0 0 0 0 0 0 0 0 0 0 0 0 0 0 0 0 0 0 0 0 0 0 0 0 0 0 0 0 0 0 0 0 0 0 0 0 0 0 0 0 0 0 0 0 0 0 0 0 0 0 0 0 0 0 0 0 0 0 0 0 0 0 
0 0.007968 0.015872 0.023712 0.031488 0.0392 0.046848 0.054432 0.061952 0.069408 0.0768 0.084128 0.091392 0.098592 0.105728 0.1128 0.119808 0.126752 0.133632 0.140448 0.1472 0.153888 0.160512 0.167072 0.173568 0.18 0.186368 0.192672 0.198912 0.205088 0.2112 0.217248 0.223232 0.229152 0.235008 0.2408 0.246528 0.252192 0.257792 0.263328 0.2688 0.274208 0.279552 0.284832 0.290048 0.2952 0.300288 0.305312 0.310272 0.315168 0.32 0.324768 0.329472 0.334112 0.338688 0.3432 0.347648 0.352032 0.356352 0.360608 0.3648 0.368928 0.372992 0.376992 0.380928 0.3848 0.388608 0.392352 0.396032 0.399648 0.4032 0.406688 0.410112 0.413472 0.416768 0.42 0.423168 0.426272 0.429312 0.432288 0.4352 0.438048 0.440832 0.443552 0.446208 0.4488 0.451328 0.453792 0.456192 0.458528 0.4608 0.463008 0.465152 0.467232 0.469248 0.4712 0.473088 0.474912 0.476672 0.478368 0.48 0.481568 0.483072 0.484512 0.485888 0.4872 0.488448 0.489632 0.490752 0.491808 0.4928 0.493728 0.494592 0.495392 0.496128 0.4968 0.497408 0.497952 0.498432 0.498848 0.4992 0.499488 0.499712 0.499872 0.499968 0.5 0.499968 0.499872 0.499712 0.499488 0.4992 0.498848 0.498432 0.497952 0.497408 0.4968 0.496128 0.495392 0.494592 0.493728 0.4928 0.491808 0.490752 0.489632 0.488448 0.4872 0.485888 0.484512 0.483072 0.481568 0.48 0.478368 0.476672 0.474912 0.473088 0.4712 0.469248 0.467232 0.465152 0.463008 0.4608 0.458528 0.456192 0.453792 0.451328 0.4488 0.446208 0.443552 0.440832 0.438048 0.4352 0.432288 0.429312 0.426272 0.423168 0.42 0.416768 0.413472 0.410112 0.406688 0.4032 0.399648 0.396032 0.392352 0.388608 0.3848 0.380928 0.376992 0.372992 0.368928 0.3648 0.360608 0.356352 0.352032 0.347648 0.3432 0.338688 0.334112 0.329472 0.324768 0.32 0.315168 0.310272 0.305312 0.300288 0.2952 0.290048 0.284832 0.279552 0.274208 0.2688 0.263328 0.257792 0.252192 0.246528 0.2408 0.235008 0.229152 0.223232 0.217248 0.2112 0.205088 0.198912 0.192672 0.186368 0.18 0.173568 0.167072 0.160512 0.153888 0.1472 0.140448 0.133632 0.126752 0.119808 0.1128 0.105728 0.098592 0.091392 0.084128 0.0768 0.069408 0.061952 0.054432 0.046848 0.0392 0.031488 0.023712 0.015872 0.007968 0 0 0 0 0 0 0 0 0 0 0 0 0 0 0 0 0 0 0 0 0 0 0 0 0 0 0 0 0 0 0 0 0 0 0 0 0 0 0 0 0 0 0 0 0 0 0 0 0 0 0 0 0 0 0 0 0 0 0 0 0 0 0 0 0 0 0 0 0 0 0 0 0 0 0 0 0 0 0 0 0 0 0 0 0 0 0 0 0 0 0 0 0 0 0 0 0 0 0 0 0 0 0 0 0 0 0 0 0 0 0 0 0 0 0 0 0 0 0 0 0 0 0 0 0 0 0 0 0 0 0 0 0 0 0 0 0 0 0 0 0 0 0 0 0 0 0 0 0 0 0 0 0 0 0 0 0 0 0 0 0 0 0 0 0 0 0 0 0 0 0 0 0 0 0 0 0 0 0 0 0 0 0 0 0 0 0 0 0 0 0 0 0 0 0 0 0 0 0 0 0 0 0 0 0 0 0 0 0 0 0 0 0 0 0 0 0 0 0 0 0 0 0 0 0 0 0 0 0 0 0 0 0 0 0 0 0 0 0 0 0 0 0 0 0 0 0 0 0 0 0 0 0 0 0 0 0 0 0 0 0 0 0 0 0 0 0 0 0 0 0 0 0 0 0 0 0 0 0 0 0 0 0 0 0 0 0 0 0 0 0 0 0 0 0 0 0 0 0 0 0 0 0 0 0 0 0 0 0 0 0 0 0 0 0 0 0 0 0 0 0 0 0 0 0 0 0 0 0 0 0 0 0 0 0 0 0 0 0 0 0 0 0 0 0 0 0 0 0 0 0 0 0 0 0 0 0 0 0 0 0 0 0 0 0 0 0 0 0 0 0 0 0 0 0 0 0 0 0 0 0 0 0 0 0 0 0 0 0 0 0 0 0 0 0 0 0 0 0 0 0 0 0 0 0 0 0 0 0 0 0 0 0 0 0 0 0 0 0 0 0 0 0 0 0 0 0 0 0 0 0 0 0 0 0 0 0 0 0 0 0 0 0 0 0 0 0 0 0 0 0 0 0 0 0 0 0 0 0 0 0 0 0 0 0 0 0 0 0 0 0 0 0 0 0 0 0 0 0 0 0 0 0 0 0 0 0 0 0 0 0 0 0 0 0 0 0 0 0 0 0 0 0 0 0 0 0 0 0 0 0 0 0 0 0 0 0 0 0 0 0 0 0 0 0 0 0 0 0 0 0 0 0 0 0 0 0 0 0 0 0 0 0 0 0 0 0 0 0 0 0 0 0 0 0 0 0 0 0 0 0 0 0 0 0 0 0 0 0 0 0 0 0 0 0 0 0 0 0 0 0 0 0 0 0 0 0 0 0 0 0 0 0 0 0 0 0 0 0 0 0 0 0 0 0 0 0 0 0 0 0 0 0 0 0 0 0 0 0 0 0 0 0 0 0 0 0 0 0 0 0 0 0 0 0 0 0 0 0 0 0 0 0 0 0 0 0 0 0 0 0 0 0 0 0 0 0 0 0 0 0 0 0 0 0 0 0 0 0 0 0 0 0 0 0 0 0 0 0 0 0 0 0 0 0 0 0 0 0 0 0 0 0 0 0 0 0 0 0 0 0 0 0 0 0 0 0 0 0 0 0 0 0 0 0 0 0 0 0 0 0 0 0 0 0 0 0 0 0 0 0 0 0 0 0 0 0 0 0 0 0 0 0 0 0 0 0 0 0 0 0 
0 1.6e-05 6.4e-05 0.000144 0.000256 0.0004 0.000576 0.000784 0.001024 0.001296 0.0016 0.001936 0.002304 0.002704 0.003136 0.0036 0.004096 0.004624 0.005184 0.005776 0.0064 0.007056 0.007744 0.008464 0.009216 0.01 0.010816 0.011664 0.012544 0.013456 0.0144 0.015376 0.016384 0.017424 0.018496 0.0196 0.020736 0.021904 0.023104 0.024336 0.0256 0.026896 0.028224 0.029584 0.030976 0.0324 0.033856 0.035344 0.036864 0.038416 0.04 0.041616 0.043264 0.044944 0.046656 0.0484 0.050176 0.051984 0.053824 0.055696 0.0576 0.059536 0.061504 0.063504 0.065536 0.0676 0.069696 0.071824 0.073984 0.076176 0.0784 0.080656 0.082944 0.085264 0.087616 0.09 0.092416 0.094864 0.097344 0.099856 0.1024 0.104976 0.107584 0.110224 0.112896 0.1156 0.118336 0.121104 0.123904 0.126736 0.1296 0.132496 0.135424 0.138384 0.141376 0.1444 0.147456 0.150544 0.153664 0.156816 0.16 0.163216 0.166464 0.169744 0.173056 0.1764 0.179776 0.183184 0.186624 0.190096 0.1936 0.197136 0.200704 0.204304 0.207936 0.2116 0.215296 0.219024 0.222784 0.226576 0.2304 0.234256 0.238144 0.242064 0.246016 0.25 0.254016 0.258064 0.262144 0.266256 0.2704 0.274576 0.278784 0.283024 0.287296 0.2916 0.295936 0.300304 0.304704 0.309136 0.3136 0.318096 0.322624 0.327184 0.331776 0.3364 0.341056 0.345744 0.350464 0.355216 0.36 0.364816 0.369664 0.374544 0.379456 0.3844 0.389376 0.394384 0.399424 0.404496 0.4096 0.414736 0.419904 0.425104 0.430336 0.4356 0.440896 0.446224 0.451584 0.456976 0.4624 0.467856 0.473344 0.478864 0.484416 0.49 0.495616 0.501264 0.506944 0.512656 0.5184 0.524176 0.529984 0.535824 0.541696 0.5476 0.553536 0.559504 0.565504 0.571536 0.5776 0.583696 0.589824 0.595984 0.602176 0.6084 0.614656 0.620944 0.627264 0.633616 0.64 0.646416 0.652864 0.659344 0.665856 0.6724 0.678976 0.685584 0.692224 0.698896 0.7056 0.712336 0.719104 0.725904 0.732736 0.7396 0.746496 0.753424 0.760384 0.767376 0.7744 0.781456 0.788544 0.795664 0.802816 0.81 0.817216 0.824464 0.831744 0.839056 0.8464 0.853776 0.861184 0.868624 0.876096 0.8836 0.891136 0.898704 0.906304 0.913936 0.9216 0.929296 0.937024 0.944784 0.952576 0.9604 0.968256 0.976144 0.984064 0.992016 1 0.992016 0.984064 0.976144 0.968256 0.9604 0.952576 0.944784 0.937024 0.929296 0.9216 0.913936 0.906304 0.898704 0.891136 0.8836 0.876096 0.868624 0.861184 0.853776 0.8464 0.839056 0.831744 0.824464 0.817216 0.81 0.802816 0.795664 0.788544 0.781456 0.7744 0.767376 0.760384 0.753424 0.746496 0.7396 0.732736 0.725904 0.719104 0.712336 0.7056 0.698896 0.692224 0.685584 0.678976 0.6724 0.665856 0.659344 0.652864 0.646416 0.64 0.633616 0.627264 0.620944 0.614656 0.6084 0.602176 0.595984 0.589824 0.583696 0.5776 0.571536 0.565504 0.559504 0.553536 0.5476 0.541696 0.535824 0.529984 0.524176 0.5184 0.512656 0.506944 0.501264 0.495616 0.49 0.484416 0.478864 0.473344 0.467856 0.4624 0.456976 0.451584 0.446224 0.440896 0.4356 0.430336 0.425104 0.419904 0.414736 0.4096 0.404496 0.399424 0.394384 0.389376 0.3844 0.379456 0.374544 0.369664 0.364816 0.36 0.355216 0.350464 0.345744 0.341056 0.3364 0.331776 0.327184 0.322624 0.318096 0.3136 0.309136 0.304704 0.300304 0.295936 0.2916 0.287296 0.283024 0.278784 0.274576 0.2704 0.266256 0.262144 0.258064 0.254016 0.25 0.246016 0.242064 0.238144 0.234256 0.2304 0.226576 0.222784 0.219024 0.215296 0.2116 0.207936 0.204304 0.200704 0.197136 0.1936 0.190096 0.186624 0.183184 0.179776 0.1764 0.173056 0.169744 0.166464 0.163216 0.16 0.156816 0.153664 0.150544 0.147456 0.1444 0.141376 0.138384 0.135424 0.132496 0.1296 0.126736 0.123904 0.121104 0.118336 0.1156 0.112896 0.110224 0.107584 0.104976 0.1024 0.099856 0.097344 0.094864 0.092416 0.09 0.087616 0.085264 0.082944 0.080656 0.0784 0.076176 0.073984 0.071824 0.069696 0.0676 0.065536 0.063504 0.061504 0.059536 0.0576 0.055696 0.053824 0.051984 0.050176 0.0484 0.046656 0.044944 0.043264 0.041616 0.04 0.038416 0.036864 0.035344 0.033856 0.0324 0.030976 0.029584 0.028224 0.026896 0.0256 0.024336 0.023104 0.021904 0.020736 0.0196 0.018496 0.017424 0.016384 0.015376 0.0144 0.013456 0.012544 0.011664 0.010816 0.01 0.009216 0.008464 0.007744 0.007056 0.0064 0.005776 0.005184 0.004624 0.004096 0.0036 0.003136 0.002704 0.002304 0.001936 0.0016 0.001296 0.001024 0.000784 0.000576 0.0004 0.000256 0.000144 6.4e-05 1.6e-05 0 0 0 0 0 0 0 0 0 0 0 0 0 0 0 0 0 0 0 0 0 0 0 0 0 0 0 0 0 0 0 0 0 0 0 0 0 0 0 0 0 0 0 0 0 0 0 0 0 0 0 0 0 0 0 0 0 0 0 0 0 0 0 0 0 0 0 0 0 0 0 0 0 0 0 0 0 0 0 0 0 0 0 0 0 0 0 0 0 0 0 0 0 0 0 0 0 0 0 0 0 0 0 0 0 0 0 0 0 0 0 0 0 0 0 0 0 0 0 0 0 0 0 0 0 0 0 0 0 0 0 0 0 0 0 0 0 0 0 0 0 0 0 0 0 0 0 0 0 0 0 0 0 0 0 0 0 0 0 0 0 0 0 0 0 0 0 0 0 0 0 0 0 0 0 0 0 0 0 0 0 0 0 0 0 0 0 0 0 0 0 0 0 0 0 0 0 0 0 0 0 0 0 0 0 0 0 0 0 0 0 0 0 0 0 0 0 0 0 0 0 0 0 0 0 0 0 0 0 0 0 0 0 0 0 0 0 0 0 0 0 0 0 0 0 0 0 0 0 0 0 0 0 0 0 0 0 0 0 0 0 0 0 0 0 0 0 0 0 0 0 0 0 0 0 0 0 0 0 0 0 0 0 0 0 0 0 0 0 0 0 0 0 0 0 0 0 0 0 0 0 0 0 0 0 0 0 0 0 0 0 0 0 0 0 0 0 0 0 0 0 0 0 0 0 0 0 0 0 0 0 0 0 0 0 0 0 0 0 0 0 0 0 0 0 0 0 0 0 0 0 0 0 0 0 0 0 0 0 0 0 0 0 0 0 0 0 0 0 0 0 0 0 0 0 0 0 0 0 0 0 0 0 0 0 0 0 0 0 0 0 0 0 0 0 0 0 0 0 0 0 0 0 0 0 0 0 0 0 0 0 0 0 0 0 0 0 0 0 0 0 0 0 0 0 0 0 0 0 0 0 0 0 0 0 0 0 0 0 0 0 0 0 0 0 0 0 0 0 0 0 0 0 0 0 0 0 0 0 0 0 0 0 0 0 0 0 0 0 0 0 0 0 0 0 0 0 0 0 0 0 0 0 0 0 0 0 0 0 0 0 0 0 0 0 0 0 0 0 0 0 
0 0 0 0 0 0 0 0 0 0 0 0 0 0 0 0 0 0 0 0 0 0 0 0 0 0 0 0 0 0 0 0 0 0 0 0 0 0 0 0 0 0 0 0 0 0 0 0 0 0 0 0 0 0 0 0 0 0 0 0 0 0 0 0 0 0 0 0 0 0 0 0 0 0 0 0 0 0 0 0 0 0 0 0 0 0 0 0 0 0 0 0 0 0 0 0 0 0 0 0 0 0 0 0 0 0 0 0 0 0 0 0 0 0 0 0 0 0 0 0 0 0 0 0 0 0 0 0 0 0 0 0 0 0 0 0 0 0 0 0 0 0 0 0 0 0 0 0 0 0 0 0 0 0 0 0 0 0 0 0 0 0 0 0 0 0 0 0 0 0 0 0 0 0 0 0 0 0 0 0 0 0 0 0 0 0 0 0 0 0 0 0 0 0 0 0 0 0 0 0 0 0 0 0 0 0 0 0 0 0 0 0 0 0 0 0 0 0 0 0 0 0 0 0 0 0 0 0 0 0 0 0 0 0 0 0 0 0 0 0 0 0 0 0 0 0 0 0 0 0 0 0.007968 0.015872 0.023712 0.031488 0.0392 0.046848 0.054432 0.061952 0.069408 0.0768 0.084128 0.091392 0.098592 0.105728 0.1128 0.119808 0.126752 0.133632 0.140448 0.1472 0.153888 0.160512 0.167072 0.173568 0.18 0.186368 0.192672 0.198912 0.205088 0.2112 0.217248 0.223232 0.229152 0.235008 0.2408 0.246528 0.252192 0.257792 0.263328 0.2688 0.274208 0.279552 0.284832 0.290048 0.2952 0.300288 0.305312 0.310272 0.315168 0.32 0.324768 0.329472 0.334112 0.338688 0.3432 0.347648 0.352032 0.356352 0.360608 0.3648 0.368928 0.372992 0.376992 0.380928 0.3848 0.388608 0.392352 0.396032 0.399648 0.4032 0.406688 0.410112 0.413472 0.416768 0.42 0.423168 0.426272 0.429312 0.432288 0.4352 0.438048 0.440832 0.443552 0.446208 0.4488 0.451328 0.453792 0.456192 0.458528 0.4608 0.463008 0.465152 0.467232 0.469248 0.4712 0.473088 0.474912 0.476672 0.478368 0.48 0.481568 0.483072 0.484512 0.485888 0.4872 0.488448 0.489632 0.490752 0.491808 0.4928 0.493728 0.494592 0.495392 0.496128 0.4968 0.497408 0.497952 0.498432 0.498848 0.4992 0.499488 0.499712 0.499872 0.499968 0.5 0.499968 0.499872 0.499712 0.499488 0.4992 0.498848 0.498432 0.497952 0.497408 0.4968 0.496128 0.495392 0.494592 0.493728 0.4928 0.491808 0.490752 0.489632 0.488448 0.4872 0.485888 0.484512 0.483072 0.481568 0.48 0.478368 0.476672 0.474912 0.473088 0.4712 0.469248 0.467232 0.465152 0.463008 0.4608 0.458528 0.456192 0.453792 0.451328 0.4488 0.446208 0.443552 0.440832 0.438048 0.4352 0.432288 0.429312 0.426272 0.423168 0.42 0.416768 0.413472 0.410112 0.406688 0.4032 0.399648 0.396032 0.392352 0.388608 0.3848 0.380928 0.376992 0.372992 0.368928 0.3648 0.360608 0.356352 0.352032 0.347648 0.3432 0.338688 0.334112 0.329472 0.324768 0.32 0.315168 0.310272 0.305312 0.300288 0.2952 0.290048 0.284832 0.279552 0.274208 0.2688 0.263328 0.257792 0.252192 0.246528 0.2408 0.235008 0.229152 0.223232 0.217248 0.2112 0.205088 0.198912 0.192672 0.186368 0.18 0.173568 0.167072 0.160512 0.153888 0.1472 0.140448 0.133632 0.126752 0.119808 0.1128 0.105728 0.098592 0.091392 0.084128 0.0768 0.069408 0.061952 0.054432 0.046848 0.0392 0.031488 0.023712 0.015872 0.007968 0 0 0 0 0 0 0 0 0 0 0 0 0 0 0 0 0 0 0 0 0 0 0 0 0 0 0 0 0 0 0 0 0 0 0 0 0 0 0 0 0 0 0 0 0 0 0 0 0 0 0 0 0 0 0 0 0 0 0 0 0 0 0 0 0 0 0 0 0 0 0 0 0 0 0 0 0 0 0 0 0 0 0 0 0 0 0 0 0 0 0 0 0 0 0 0 0 0 0 0 0 0 0 0 0 0 0 0 0 0 0 0 0 0 0 0 0 0 0 0 0 0 0 0 0 0 0 0 0 0 0 0 0 0 0 0 0 0 0 0 0 0 0 0 0 0 0 0 0 0 0 0 0 0 0 0 0 0 0 0 0 0 0 0 0 0 0 0 0 0 0 0 0 0 0 0 0 0 0 0 0 0 0 0 0 0 0 0 0 0 0 0 0 0 0 0 0 0 0 0 0 0 0 0 0 0 0 0 0 0 0 0 0 0 0 0 0 0 0 0 0 0 0 0 0 0 0 0 0 0 0 0 0 0 0 0 0 0 0 0 0 0 0 0 0 0 0 0 0 0 0 0 0 0 0 0 0 0 0 0 0 0 0 0 0 0 0 0 0 0 0 0 0 0 0 0 0 0 0 0 0 0 0 0 0 0 0 0 0 0 0 0 0 0 0 0 0 0 0 0 0 0 0 0 0 0 0 0 0 0 0 0 0 0 0 0 0 0 0 0 0 0 0 0 0 0 0 0 0 0 0 0 0 0 0 0 0 0 0 0 0 0 0 0 0 0 0 0 0 0 0 0 0 0 0 0 0 0 0 0 0 0 0 0 0 0 0 0 0 0 0 0 0 0 0 0 0 0 0 0 0 0 0 0 0 0 0 0 0 0 0 0 0 0 0 0 0 0 0 0 0 0 0 0 0 0 0 0 0 0 0 0 0 0 0 0 0 0 0 0 0 0 0 0 0 0 0 0 0 0 0 0 0 0 0 0 0 0 0 0 0 0 0 0 0 0 0 0 0 0 0 0 0 0 0 0 0 0 0 0 0 0 0 0 0 0 0 0 0 0 0 0 0 0 0 0 0 0 0 0 0 0 0 0 0 0 0 0 0 0 0 0 0 0 0 0 0 0 0 0 0 
0 0 0 0 0 0 0 0 0 0 0 0 0 0 0 0 0 0 0 0 0 0 0 0 0 0 0 0 0 0 0 0 0 0 0 0 0 0 0 0 0 0 0 0 0 0 0 0 0 0 0 0 0 0 0 0 0 0 0 0 0 0 0 0 0 0 0 0 0 0 0 0 0 0 0 0 0 0 0 0 0 0 0 0 0 0 0 0 0 0 0 0 0 0 0 0 0 0 0 0 0 0 0 0 0 0 0 0 0 0 0 0 0 0 0 0 0 0 0 0 0 0 0 0 0 0 0 0 0 0 0 0 0 0 0 0 0 0 0 0 0 0 0 0 0 0 0 0 0 0 0 0 0 0 0 0 0 0 0 0 0 0 0 0 0 0 0 0 0 0 0 0 0 0 0 0 0 0 0 0 0 0 0 0 0 0 0 0 0 0 0 0 0 0 0 0 0 0 0 0 0 0 0 0 0 0 0 0 0 0 0 0 0 0 0 0 0 0 0 0 0 0 0 0 0 0 0 0 0 0 0 0 0 0 0 0 0 0 0 0 0 0 0 0 0 0 0 0 0 0 0 1.6e-05 6.4e-05 0.000144 0.000256 0.0004 0.000576 0.000784 0.001024 0.001296 0.0016 0.001936 0.002304 0.002704 0.003136 0.0036 0.004096 0.004624 0.005184 0.005776 0.0064 0.007056 0.007744 0.008464 0.009216 0.01 0.010816 0.011664 0.012544 0.013456 0.0144 0.015376 0.016384 0.017424 0.018496 0.0196 0.020736 0.021904 0.023104 0.024336 0.0256 0.026896 0.028224 0.029584 0.030976 0.0324 0.033856 0.035344 0.036864 0.038416 0.04 0.041616 0.043264 0.044944 0.046656 0.0484 0.050176 0.051984 0.053824 0.055696 0.0576 0.059536 0.061504 0.063504 0.065536 0.0676 0.069696 0.071824 0.073984 0.076176 0.0784 0.080656 0.082944 0.085264 0.087616 0.09 0.092416 0.094864 0.097344 0.099856 0.1024 0.104976 0.107584 0.110224 0.112896 0.1156 0.118336 0.121104 0.123904 0.126736 0.1296 0.132496 0.135424 0.138384 0.141376 0.1444 0.147456 0.150544 0.153664 0.156816 0.16 0.163216 0.166464 0.169744 0.173056 0.1764 0.179776 0.183184 0.186624 0.190096 0.1936 0.197136 0.200704 0.204304 0.207936 0.2116 0.215296 0.219024 0.222784 0.226576 0.2304 0.234256 0.238144 0.242064 0.246016 0.25 0.254016 0.258064 0.262144 0.266256 0.2704 0.274576 0.278784 0.283024 0.287296 0.2916 0.295936 0.300304 0.304704 0.309136 0.3136 0.318096 0.322624 0.327184 0.331776 0.3364 0.341056 0.345744 0.350464 0.355216 0.36 0.364816 0.369664 0.374544 0.379456 0.3844 0.389376 0.394384 0.399424 0.404496 0.4096 0.414736 0.419904 0.425104 0.430336 0.4356 0.440896 0.446224 0.451584 0.456976 0.4624 0.467856 0.473344 0.478864 0.484416 0.49 0.495616 0.501264 0.506944 0.512656 0.5184 0.524176 0.529984 0.535824 0.541696 0.5476 0.553536 0.559504 0.565504 0.571536 0.5776 0.583696 0.589824 0.595984 0.602176 0.6084 0.614656 0.620944 0.627264 0.633616 0.64 0.646416 0.652864 0.659344 0.665856 0.6724 0.678976 0.685584 0.692224 0.698896 0.7056 0.712336 0.719104 0.725904 0.732736 0.7396 0.746496 0.753424 0.760384 0.767376 0.7744 0.781456 0.788544 0.795664 0.802816 0.81 0.817216 0.824464 0.831744 0.839056 0.8464 0.853776 0.861184 0.868624 0.876096 0.8836 0.891136 0.898704 0.906304 0.913936 0.9216 0.929296 0.937024 0.944784 0.952576 0.9604 0.968256 0.976144 0.984064 0.992016 1 0.992016 0.984064 0.976144 0.968256 0.9604 0.952576 0.944784 0.937024 0.929296 0.9216 0.913936 0.906304 0.898704 0.891136 0.8836 0.876096 0.868624 0.861184 0.853776 0.8464 0.839056 0.831744 0.824464 0.817216 0.81 0.802816 0.795664 0.788544 0.781456 0.7744 0.767376 0.760384 0.753424 0.746496 0.7396 0.732736 0.725904 0.719104 0.712336 0.7056 0.698896 0.692224 0.685584 0.678976 0.6724 0.665856 0.659344 0.652864 0.646416 0.64 0.633616 0.627264 0.620944 0.614656 0.6084 0.602176 0.595984 0.589824 0.583696 0.5776 0.571536 0.565504 0.559504 0.553536 0.5476 0.541696 0.535824 0.529984 0.524176 0.5184 0.512656 0.506944 0.501264 0.495616 0.49 0.484416 0.478864 0.473344 0.467856 0.4624 0.456976 0.451584 0.446224 0.440896 0.4356 0.430336 0.425104 0.419904 0.414736 0.4096 0.404496 0.399424 0.394384 0.389376 0.3844 0.379456 0.374544 0.369664 0.364816 0.36 0.355216 0.350464 0.345744 0.341056 0.3364 0.331776 0.327184 0.322624 0.318096 0.3136 0.309136 0.304704 0.300304 0.295936 0.2916 0.287296 0.283024 0.278784 0.274576 0.2704 0.266256 0.262144 0.258064 0.254016 0.25 0.246016 0.242064 0.238144 0.234256 0.2304 0.226576 0.222784 0.219024 0.215296 0.2116 0.207936 0.204304 0.200704 0.197136 0.1936 0.190096 0.186624 0.183184 0.179776 0.1764 0.173056 0.169744 0.166464 0.163216 0.16 0.156816 0.153664 0.150544 0.147456 0.1444 0.141376 0.138384 0.135424 0.132496 0.1296 0.126736 0.123904 0.121104 0.118336 0.1156 0.112896 0.110224 0.107584 0.104976 0.1024 0.099856 0.097344 0.094864 0.092416 0.09 0.087616 0.085264 0.082944 0.080656 0.0784 0.076176 0.073984 0.071824 0.069696 0.0676 0.065536 0.063504 0.061504 0.059536 0.0576 0.055696 0.053824 0.051984 0.050176 0.0484 0.046656 0.044944 0.043264 0.041616 0.04 0.038416 0.036864 0.035344 0.033856 0.0324 0.030976 0.029584 0.028224 0.026896 0.0256 0.024336 0.023104 0.021904 0.020736 0.0196 0.018496 0.017424 0.016384 0.015376 0.0144 0.013456 0.012544 0.011664 0.010816 0.01 0.009216 0.008464 0.007744 0.007056 0.0064 0.005776 0.005184 0.004624 0.004096 0.0036 0.003136 0.002704 0.002304 0.001936 0.0016 0.001296 0.001024 0.000784 0.000576 0.0004 0.000256 0.000144 6.4e-05 1.6e-05 0 0 0 0 0 0 0 0 0 0 0 0 0 0 0 0 0 0 0 0 0 0 0 0 0 0 0 0 0 0 0 0 0 0 0 0 0 0 0 0 0 0 0 0 0 0 0 0 0 0 0 0 0 0 0 0 0 0 0 0 0 0 0 0 0 0 0 0 0 0 0 0 0 0 0 0 0 0 0 0 0 0 0 0 0 0 0 0 0 0 0 0 0 0 0 0 0 0 0 0 0 0 0 0 0 0 0 0 0 0 0 0 0 0 0 0 0 0 0 0 0 0 0 0 0 0 0 0 0 0 0 0 0 0 0 0 0 0 0 0 0 0 0 0 0 0 0 0 0 0 0 0 0 0 0 0 0 0 0 0 0 0 0 0 0 0 0 0 0 0 0 0 0 0 0 0 0 0 0 0 0 0 0 0 0 0 0 0 0 0 0 0 0 0 0 0 0 0 0 0 0 0 0 0 0 0 0 0 0 0 0 0 0 0 0 0 0 0 0 0 0 0 0 0 0 0 0 0 0 0 0 0 0 0 0 0 0 0 0 0 0 0 0 0 0 0 0 0 0 0 0 
0 0 0 0 0 0 0 0 0 0 0 0 0 0 0 0 0 0 0 0 0 0 0 0 0 0 0 0 0 0 0 0 0 0 0 0 0 0 0 0 0 0 0 0 0 0 0 0 0 0 0 0 0 0 0 0 0 0 0 0 0 0 0 0 0 0 0 0 0 0 0 0 0 0 0 0 0 0 0 0 0 0 0 0 0 0 0 0 0 0 0 0 0 0 0 0 0 0 0 0 0 0 0 0 0 0 0 0 0 0 0 0 0 0 0 0 0 0 0 0 0 0 0 0 0 0 0 0 0 0 0 0 0 0 0 0 0 0 0 0 0 0 0 0 0 0 0 0 0 0 0 0 0 0 0 0 0 0 0 0 0 0 0 0 0 0 0 0 0 0 0 0 0 0 0 0 0 0 0 0 0 0 0 0 0 0 0 0 0 0 0 0 0 0 0 0 0 0 0 0 0 0 0 0 0 0 0 0 0 0 0 0 0 0 0 0 0 0 0 0 0 0 0 0 0 0 0 0 0 0 0 0 0 0 0 0 0 0 0 0 0 0 0 0 0 0 0 0 0 0 0 0 0 0 0 0 0 0 0 0 0 0 0 0 0 0 0 0 0 0 0 0 0 0 0 0 0 0 0 0 0 0 0 0 0 0 0 0 0 0 0 0 0 0 0 0 0 0 0 0 0 0 0 0 0 0 0 0 0 0 0 0 0 0 0 0 0 0 0 0 0 0 0 0 0 0 0 0 0 0 0 0 0 0 0 0 0 0 0 0 0 0 0 0 0 0 0 0 0 0 0 0 0 0 0 0 0 0 0 0 0 0 0 0 0 0 0 0 0 0 0 0 0 0 0 0 0 0 0 0 0 0 0 0 0 0 0 0 0 0 0 0 0 0 0 0 0 0 0 0 0 0 0 0 0 0 0 0 0 0 0 0 0 0 0 0 0 0 0 0 0 0 0 0 0 0 0 0 0 0 0 0 0 0 0 0 0 0 0 0 0 0 0 0 0 0 0 0 0 0 0 0 0 0 0 0 0 0 0 0 0 0 0 0 0 0 0 0 0 0 0 0 0 0 0 0 0 0 0 0 0 0 0 0 0 0 0 0 0 0 0 0 0 0 0 0 0 0 0 0 0 0.007968 0.015872 0.023712 0.031488 0.0392 0.046848 0.054432 0.061952 0.069408 0.0768 0.084128 0.091392 0.098592 0.105728 0.1128 0.119808 0.126752 0.133632 0.140448 0.1472 0.153888 0.160512 0.167072 0.173568 0.18 0.186368 0.192672 0.198912 0.205088 0.2112 0.217248 0.223232 0.229152 0.235008 0.2408 0.246528 0.252192 0.257792 0.263328 0.2688 0.274208 0.279552 0.284832 0.290048 0.2952 0.300288 0.305312 0.310272 0.315168 0.32 0.324768 0.329472 0.334112 0.338688 0.3432 0.347648 0.352032 0.356352 0.360608 0.3648 0.368928 0.372992 0.376992 0.380928 0.3848 0.388608 0.392352 0.396032 0.399648 0.4032 0.406688 0.410112 0.413472 0.416768 0.42 0.423168 0.426272 0.429312 0.432288 0.4352 0.438048 0.440832 0.443552 0.446208 0.4488 0.451328 0.453792 0.456192 0.458528 0.4608 0.463008 0.465152 0.467232 0.469248 0.4712 0.473088 0.474912 0.476672 0.478368 0.48 0.481568 0.483072 0.484512 0.485888 0.4872 0.488448 0.489632 0.490752 0.491808 0.4928 0.493728 0.494592 0.495392 0.496128 0.4968 0.497408 0.497952 0.498432 0.498848 0.4992 0.499488 0.499712 0.499872 0.499968 0.5 0.499968 0.499872 0.499712 0.499488 0.4992 0.498848 0.498432 0.497952 0.497408 0.4968 0.496128 0.495392 0.494592 0.493728 0.4928 0.491808 0.490752 0.489632 0.488448 0.4872 0.485888 0.484512 0.483072 0.481568 0.48 0.478368 0.476672 0.474912 0.473088 0.4712 0.469248 0.467232 0.465152 0.463008 0.4608 0.458528 0.456192 0.453792 0.451328 0.4488 0.446208 0.443552 0.440832 0.438048 0.4352 0.432288 0.429312 0.426272 0.423168 0.42 0.416768 0.413472 0.410112 0.406688 0.4032 0.399648 0.396032 0.392352 0.388608 0.3848 0.380928 0.376992 0.372992 0.368928 0.3648 0.360608 0.356352 0.352032 0.347648 0.3432 0.338688 0.334112 0.329472 0.324768 0.32 0.315168 0.310272 0.305312 0.300288 0.2952 0.290048 0.284832 0.279552 0.274208 0.2688 0.263328 0.257792 0.252192 0.246528 0.2408 0.235008 0.229152 0.223232 0.217248 0.2112 0.205088 0.198912 0.192672 0.186368 0.18 0.173568 0.167072 0.160512 0.153888 0.1472 0.140448 0.133632 0.126752 0.119808 0.1128 0.105728 0.098592 0.091392 0.084128 0.0768 0.069408 0.061952 0.054432 0.046848 0.0392 0.031488 0.023712 0.015872 0.007968 0 0 0 0 0 0 0 0 0 0 0 0 0 0 0 0 0 0 0 0 0 0 0 0 0 0 0 0 0 0 0 0 0 0 0 0 0 0 0 0 0 0 0 0 0 0 0 0 0 0 0 0 0 0 0 0 0 0 0 0 0 0 0 0 0 0 0 0 0 0 0 0 0 0 0 0 0 0 0 0 0 0 0 0 0 0 0 0 0 0 0 0 0 0 0 0 0 0 0 0 0 0 0 0 0 0 0 0 0 0 0 0 0 0 0 0 0 0 0 0 0 0 0 0 0 0 0 0 0 0 0 0 0 0 0 0 0 0 0 0 0 0 0 0 0 0 0 0 0 0 0 0 0 0 0 0 0 0 0 0 0 0 0 0 0 0 0 0 0 0 0 0 0 0 0 0 0 0 0 0 0 0 0 0 0 0 0 0 0 0 0 0 0 0 0 0 0 0 0 0 0 0 0 0 0 0 0 0 0 0 0 0 0 0 0 0 0 0 0 0 0 0 0 0 0 0 0 0 0 0 0 0 0 0 0 0 0 0 0 0 0 0 0 0 0 0 0 0 0 0 0 
0 0 0 0 0 0 0 0 0 0 0 0 0 0 0 0 0 0 0 0 0 0 0 0 0 0 0 0 0 0 0 0 0 0 0 0 0 0 0 0 0 0 0 0 0 0 0 0 0 0 0 0 0 0 0 0 0 0 0 0 0 0 0 0 0 0 0 0 0 0 0 0 0 0 0 0 0 0 0 0 0 0 0 0 0 0 0 0 0 0 0 0 0 0 0 0 0 0 0 0 0 0 0 0 0 0 0 0 0 0 0 0 0 0 0 0 0 0 0 0 0 0 0 0 0 0 0 0 0 0 0 0 0 0 0 0 0 0 0 0 0 0 0 0 0 0 0 0 0 0 0 0 0 0 0 0 0 0 0 0 0 0 0 0 0 0 0 0 0 0 0 0 0 0 0 0 0 0 0 0 0 0 0 0 0 0 0 0 0 0 0 0 0 0 0 0 0 0 0 0 0 0 0 0 0 0 0 0 0 0 0 0 0 0 0 0 0 0 0 0 0 0 0 0 0 0 0 0 0 0 0 0 0 0 0 0 0 0 0 0 0 0 0 0 0 0 0 0 0 0 0 0 0 0 0 0 0 0 0 0 0 0 0 0 0 0 0 0 0 0 0 0 0 0 0 0 0 0 0 0 0 0 0 0 0 0 0 0 0 0 0 0 0 0 0 0 0 0 0 0 0 0 0 0 0 0 0 0 0 0 0 0 0 0 0 0 0 0 0 0 0 0 0 0 0 0 0 0 0 0 0 0 0 0 0 0 0 0 0 0 0 0 0 0 0 0 0 0 0 0 0 0 0 0 0 0 0 0 0 0 0 0 0 0 0 0 0 0 0 0 0 0 0 0 0 0 0 0 0 0 0 0 0 0 0 0 0 0 0 0 0 0 0 0 0 0 0 0 0 0 0 0 0 0 0 0 0 0 0 0 0 0 0 0 0 0 0 0 0 0 0 0 0 0 0 0 0 0 0 0 0 0 0 0 0 0 0 0 0 0 0 0 0 0 0 0 0 0 0 0 0 0 0 0 0 0 0 0 0 0 0 0 0 0 0 0 0 0 0 0 0 0 0 0 0 0 0 0 0 0 0 0 0 0 0 0 0 0 0 0 0 0 0 0 0 0 0 0 0 0 0 1.6e-05 6.4e-05 0.000144 0.000256 0.0004 0.000576 0.000784 0.001024 0.001296 0.0016 0.001936 0.002304 0.002704 0.003136 0.0036 0.004096 0.004624 0.005184 0.005776 0.0064 0.007056 0.007744 0.008464 0.009216 0.01 0.010816 0.011664 0.012544 0.013456 0.0144 0.015376 0.016384 0.017424 0.018496 0.0196 0.020736 0.021904 0.023104 0.024336 0.0256 0.026896 0.028224 0.029584 0.030976 0.0324 0.033856 0.035344 0.036864 0.038416 0.04 0.041616 0.043264 0.044944 0.046656 0.0484 0.050176 0.051984 0.053824 0.055696 0.0576 0.059536 0.061504 0.063504 0.065536 0.0676 0.069696 0.071824 0.073984 0.076176 0.0784 0.080656 0.082944 0.085264 0.087616 0.09 0.092416 0.094864 0.097344 0.099856 0.1024 0.104976 0.107584 0.110224 0.112896 0.1156 0.118336 0.121104 0.123904 0.126736 0.1296 0.132496 0.135424 0.138384 0.141376 0.1444 0.147456 0.150544 0.153664 0.156816 0.16 0.163216 0.166464 0.169744 0.173056 0.1764 0.179776 0.183184 0.186624 0.190096 0.1936 0.197136 0.200704 0.204304 0.207936 0.2116 0.215296 0.219024 0.222784 0.226576 0.2304 0.234256 0.238144 0.242064 0.246016 0.25 0.254016 0.258064 0.262144 0.266256 0.2704 0.274576 0.278784 0.283024 0.287296 0.2916 0.295936 0.300304 0.304704 0.309136 0.3136 0.318096 0.322624 0.327184 0.331776 0.3364 0.341056 0.345744 0.350464 0.355216 0.36 0.364816 0.369664 0.374544 0.379456 0.3844 0.389376 0.394384 0.399424 0.404496 0.4096 0.414736 0.419904 0.425104 0.430336 0.4356 0.440896 0.446224 0.451584 0.456976 0.4624 0.467856 0.473344 0.478864 0.484416 0.49 0.495616 0.501264 0.506944 0.512656 0.5184 0.524176 0.529984 0.535824 0.541696 0.5476 0.553536 0.559504 0.565504 0.571536 0.5776 0.583696 0.589824 0.595984 0.602176 0.6084 0.614656 0.620944 0.627264 0.633616 0.64 0.646416 0.652864 0.659344 0.665856 0.6724 0.678976 0.685584 0.692224 0.698896 0.7056 0.712336 0.719104 0.725904 0.732736 0.7396 0.746496 0.753424 0.760384 0.767376 0.7744 0.781456 0.788544 0.795664 0.802816 0.81 0.817216 0.824464 0.831744 0.839056 0.8464 0.853776 0.861184 0.868624 0.876096 0.8836 0.891136 0.898704 0.906304 0.913936 0.9216 0.929296 0.937024 0.944784 0.952576 0.9604 0.968256 0.976144 0.984064 0.992016 1 0.992016 0.984064 0.976144 0.968256 0.9604 0.952576 0.944784 0.937024 0.929296 0.9216 0.913936 0.906304 0.898704 0.891136 0.8836 0.876096 0.868624 0.861184 0.853776 0.8464 0.839056 0.831744 0.824464 0.817216 0.81 0.802816 0.795664 0.788544 0.781456 0.7744 0.767376 0.760384 0.753424 0.746496 0.7396 0.732736 0.725904 0.719104 0.712336 0.7056 0.698896 0.692224 0.685584 0.678976 0.6724 0.665856 0.659344 0.652864 0.646416 0.64 0.633616 0.627264 0.620944 0.614656 0.6084 0.602176 0.595984 0.589824 0.583696 0.5776 0.571536 0.565504 0.559504 0.553536 0.5476 0.541696 0.535824 0.529984 0.524176 0.5184 0.512656 0.506944 0.501264 0.495616 0.49 0.484416 0.478864 0.473344 0.467856 0.4624 0.456976 0.451584 0.446224 0.440896 0.4356 0.430336 0.425104 0.419904 0.414736 0.4096 0.404496 0.399424 0.394384 0.389376 0.3844 0.379456 0.374544 0.369664 0.364816 0.36 0.355216 0.350464 0.345744 0.341056 0.3364 0.331776 0.327184 0.322624 0.318096 0.3136 0.309136 0.304704 0.300304 0.295936 0.2916 0.287296 0.283024 0.278784 0.274576 0.2704 0.266256 0.262144 0.258064 0.254016 0.25 0.246016 0.242064 0.238144 0.234256 0.2304 0.226576 0.222784 0.219024 0.215296 0.2116 0.207936 0.204304 0.200704 0.197136 0.1936 0.190096 0.186624 0.183184 0.179776 0.1764 0.173056 0.169744 0.166464 0.163216 0.16 0.156816 0.153664 0.150544 0.147456 0.1444 0.141376 0.138384 0.135424 0.132496 0.1296 0.126736 0.123904 0.121104 0.118336 0.1156 0.112896 0.110224 0.107584 0.104976 0.1024 0.099856 0.097344 0.094864 0.092416 0.09 0.087616 0.085264 0.082944 0.080656 0.0784 0.076176 0.073984 0.071824 0.069696 0.0676 0.065536 0.063504 0.061504 0.059536 0.0576 0.055696 0.053824 0.051984 0.050176 0.0484 0.046656 0.044944 0.043264 0.041616 0.04 0.038416 0.036864 0.035344 0.033856 0.0324 0.030976 0.029584 0.028224 0.026896 0.0256 0.024336 0.023104 0.021904 0.020736 0.0196 0.018496 0.017424 0.016384 0.015376 0.0144 0.013456 0.012544 0.011664 0.010816 0.01 0.009216 0.008464 0.007744 0.007056 0.0064 0.005776 0.005184 0.004624 0.004096 0.0036 0.003136 0.002704 0.002304 0.001936 0.0016 0.001296 0.001024 0.000784 0.000576 0.0004 0.000256 0.000144 6.4e-05 1.6e-05 0 
0 0 0 0 0 0 0 0 0 0 0 0 0 0 0 0 0 0 0 0 0 0 0 0 0 0 0 0 0 0 0 0 0 0 0 0 0 0 0 0 0 0 0 0 0 0 0 0 0 0 0 0 0 0 0 0 0 0 0 0 0 0 0 0 0 0 0 0 0 0 0 0 0 0 0 0 0 0 0 0 0 0 0 0 0 0 0 0 0 0 0 0 0 0 0 0 0 0 0 0 0 0 0 0 0 0 0 0 0 0 0 0 0 0 0 0 0 0 0 0 0 0 0 0 0 0 0 0 0 0 0 0 0 0 0 0 0 0 0 0 0 0 0 0 0 0 0 0 0 0 0 0 0 0 0 0 0 0 0 0 0 0 0 0 0 0 0 0 0 0 0 0 0 0 0 0 0 0 0 0 0 0 0 0 0 0 0 0 0 0 0 0 0 0 0 0 0 0 0 0 0 0 0 0 0 0 0 0 0 0 0 0 0 0 0 0 0 0 0 0 0 0 0 0 0 0 0 0 0 0 0 0 0 0 0 0 0 0 0 0 0 0 0 0 0 0 0 0 0 0 0 0 0 0 0 0 0 0 0 0 0 0 0 0 0 0 0 0 0 0 0 0 0 0 0 0 0 0 0 0 0 0 0 0 0 0 0 0 0 0 0 0 0 0 0 0 0 0 0 0 0 0 0 0 0 0 0 0 0 0 0 0 0 0 0 0 0 0 0 0 0 0 0 0 0 0 0 0 0 0 0 0 0 0 0 0 0 0 0 0 0 0 0 0 0 0 0 0 0 0 0 0 0 0 0 0 0 0 0 0 0 0 0 0 0 0 0 0 0 0 0 0 0 0 0 0 0 0 0 0 0 0 0 0 0 0 0 0 0 0 0 0 0 0 0 0 0 0 0 0 0 0 0 0 0 0 0 0 0 0 0 0 0 0 0 0 0 0 0 0 0 0 0 0 0 0 0 0 0 0 0 0 0 0 0 0 0 0 0 0 0 0 0 0 0 0 0 0 0 0 0 0 0 0 0 0 0 0 0 0 0 0 0 0 0 0 0 0 0 0 0 0 0 0 0 0 0 0 0 0 0 0 0 0 0 0 0 0 0 0 0 0 0 0 0 0 0 0 0 0 0 0 0 0 0 0 0 0 0 0 0 0 0 0 0 0 0 0 0 0 0 0 0 0 0 0 0 0 0 0 0 0 0 0 0 0 0 0 0 0 0 0 0 0 0 0 0 0 0 0 0 0 0 0 0 0 0 0 0 0 0 0 0 0 0 0 0 0 0 0 0 0 0 0 0 0 0 0 0 0 0 0 0 0 0 0 0 0 0 0 0 0 0 0 0 0 0 0 0 0 0 0 0 0 0 0 0 0 0 0 0 0 0 0 0 0 0 0 0 0 0 0 0 0 0 0 0 0 0 0 0 0 0 0 0 0 0 0 0 0 0 0 0 0 0 0 0 0 0 0 0 0 0 0 0 0 0 0 0 0 0 0 0 0 0 0 0 0 0 0 0 0 0 0 0 0 0 0 0 0 0 0 0 0 0 0 0 0 0 0 0 0 0 0 0 0 0 0 0 0 0 0 0 0 0 0 0 0 0 0 0 0 0 0 0 0 0 0 0 0 0 0 0 0 0 0 0 0 0 0 0 0 0 0 0 0 0 0 0 0 0 0 0 0 0 0 0 0 0 0 0 0.007968 0.015872 0.023712 0.031488 0.0392 0.046848 0.054432 0.061952 0.069408 0.0768 0.084128 0.091392 0.098592 0.105728 0.1128 0.119808 0.126752 0.133632 0.140448 0.1472 0.153888 0.160512 0.167072 0.173568 0.18 0.186368 0.192672 0.198912 0.205088 0.2112 0.217248 0.223232 0.229152 0.235008 0.2408 0.246528 0.252192 0.257792 0.263328 0.2688 0.274208 0.279552 0.284832 0.290048 0.2952 0.300288 0.305312 0.310272 0.315168 0.32 0.324768 0.329472 0.334112 0.338688 0.3432 0.347648 0.352032 0.356352 0.360608 0.3648 0.368928 0.372992 0.376992 0.380928 0.3848 0.388608 0.392352 0.396032 0.399648 0.4032 0.406688 0.410112 0.413472 0.416768 0.42 0.423168 0.426272 0.429312 0.432288 0.4352 0.438048 0.440832 0.443552 0.446208 0.4488 0.451328 0.453792 0.456192 0.458528 0.4608 0.463008 0.465152 0.467232 0.469248 0.4712 0.473088 0.474912 0.476672 0.478368 0.48 0.481568 0.483072 0.484512 0.485888 0.4872 0.488448 0.489632 0.490752 0.491808 0.4928 0.493728 0.494592 0.495392 0.496128 0.4968 0.497408 0.497952 0.498432 0.498848 0.4992 0.499488 0.499712 0.499872 0.499968 0.5 0.499968 0.499872 0.499712 0.499488 0.4992 0.498848 0.498432 0.497952 0.497408 0.4968 0.496128 0.495392 0.494592 0.493728 0.4928 0.491808 0.490752 0.489632 0.488448 0.4872 0.485888 0.484512 0.483072 0.481568 0.48 0.478368 0.476672 0.474912 0.473088 0.4712 0.469248 0.467232 0.465152 0.463008 0.4608 0.458528 0.456192 0.453792 0.451328 0.4488 0.446208 0.443552 0.440832 0.438048 0.4352 0.432288 0.429312 0.426272 0.423168 0.42 0.416768 0.413472 0.410112 0.406688 0.4032 0.399648 0.396032 0.392352 0.388608 0.3848 0.380928 0.376992 0.372992 0.368928 0.3648 0.360608 0.356352 0.352032 0.347648 0.3432 0.338688 0.334112 0.329472 0.324768 0.32 0.315168 0.310272 0.305312 0.300288 0.2952 0.290048 0.284832 0.279552 0.274208 0.2688 0.263328 0.257792 0.252192 0.246528 0.2408 0.235008 0.229152 0.223232 0.217248 0.2112 0.205088 0.198912 0.192672 0.186368 0.18 0.173568 0.167072 0.160512 0.153888 0.1472 0.140448 0.133632 0.126752 0.119808 0.1128 0.105728 0.098592 0.091392 0.084128 0.0768 0.069408 0.061952 0.054432 0.046848 0.0392 0.031488 0.023712 0.015872 0.007968 0 
0 0 0 0 0 0 0 0 0 0 0 0 0 0 0 0 0 0 0 0 0 0 0 0 0 0 0 0 0 0 0 0 0 0 0 0 0 0 0 0 0 0 0 0 0 0 0 0 0 0 0 0 0 0 0 0 0 0 0 0 0 0 0 0 0 0 0 0 0 0 0 0 0 0 0 0 0 0 0 0 0 0 0 0 0 0 0 0 0 0 0 0 0 0 0 0 0 0 0 0 0 0 0 0 0 0 0 0 0 0 0 0 0 0 0 0 0 0 0 0 0 0 0 0 0 0 0 0 0 0 0 0 0 0 0 0 0 0 0 0 0 0 0 0 0 0 0 0 0 0 0 0 0 0 0 0 0 0 0 0 0 0 0 0 0 0 0 0 0 0 0 0 0 0 0 0 0 0 0 0 0 0 0 0 0 0 0 0 0 0 0 0 0 0 0 0 0 0 0 0 0 0 0 0 0 0 0 0 0 0 0 0 0 0 0 0 0 0 0 0 0 0 0 0 0 0 0 0 0 0 0 0 0 0 0 0 0 0 0 0 0 0 0 0 0 0 0 0 0 0 0 0 0 0 0 0 0 0 0 0 0 0 0 0 0 0 0 0 0 0 0 0 0 0 0 0 0 0 0 0 0 0 0 0 0 0 0 0 0 0 0 0 0 0 0 0 0 0 0 0 0 0 0 0 0 0 0 0 0 0 0 0 0 0 0 0 0 0 0 0 0 0 0 0 0 0 0 0 0 0 0 0 0 0 0 0 0 0 0 0 0 0 0 0 0 0 0 0 0 0 0 0 0 0 0 0 0 0 0 0 0 0 0 0 0 0 0 0 0 0 0 0 0 0 0 0 0 0 0 0 0 0 0 0 0 0 0 0 0 0 0 0 0 0 0 0 0 0 0 0 0 0 0 0 0 0 0 0 0 0 0 0 0 0 0 0 0 0 0 0 0 0 0 0 0 0 0 0 0 0 0 0 0 0 0 0 0 0 0 0 0 0 0 0 0 0 0 0 0 0 0 0 0 0 0 0 0 0 0 0 0 0 0 0 0 0 0 0 0 0 0 0 0 0 0 0 0 0 0 0 0 0 0 0 0 0 0 0 0 0 0 0 0 0 0 0 0 0 0 0 0 0 0 0 0 0 0 0 0 0 0 0 0 0 0 0 0 0 0 0 0 0 0 0 0 0 0 0 0 0 0 0 0 0 0 0 0 0 0 0 0 0 0 0 0 0 0 0 0 0 0 0 0 0 0 0 0 0 0 0 0 0 0 0 0 0 0 0 0 0 0 0 0 0 0 0 0 0 0 0 0 0 0 0 0 0 0 0 0 0 0 0 0 0 0 0 0 0 0 0 0 0 0 0 0 0 0 0 0 0 0 0 0 0 0 0 0 0 0 0 0 0 0 0 0 0 0 0 0 0 0 0 0 0 0 0 0 0 0 0 0 0 0 0 0 0 0 0 0 0 0 0 0 0 0 0 0 0 0 0 0 0 0 0 0 0 0 0 0 0 0 0 0 0 0 0 0 0 0 0 0 0 0 0 0 0 0 0 0 0 0 0 0 0 0 0 0 0 0 0 0 0 0 0 0 0 0 0 0 0 0 0 0 0 0 0 0 0 0 0 0 0 0 0 0 0 0 0 0 0 0 0 0 0 0 0 0 0 0 0 0 0 0 0 0 0 0 0 0 0 0 1.6e-05 6.4e-05 0.000144 0.000256 0.0004 0.000576 0.000784 0.001024 0.001296 0.0016 0.001936 0.002304 0.002704 0.003136 0.0036 0.004096 0.004624 0.005184 0.005776 0.0064 0.007056 0.007744 0.008464 0.009216 0.01 0.010816 0.011664 0.012544 0.013456 0.0144 0.015376 0.016384 0.017424 0.018496 0.0196 0.020736 0.021904 0.023104 0.024336 0.0256 0.026896 0.028224 0.029584 0.030976 0.0324 0.033856 0.035344 0.036864 0.038416 0.04 0.041616 0.043264 0.044944 0.046656 0.0484 0.050176 0.051984 0.053824 0.055696 0.0576 0.059536 0.061504 0.063504 0.065536 0.0676 0.069696 0.071824 0.073984 0.076176 0.0784 0.080656 0.082944 0.085264 0.087616 0.09 0.092416 0.094864 0.097344 0.099856 0.1024 0.104976 0.107584 0.110224 0.112896 0.1156 0.118336 0.121104 0.123904 0.126736 0.1296 0.132496 0.135424 0.138384 0.141376 0.1444 0.147456 0.150544 0.153664 0.156816 0.16 0.163216 0.166464 0.169744 0.173056 0.1764 0.179776 0.183184 0.186624 0.190096 0.1936 0.197136 0.200704 0.204304 0.207936 0.2116 0.215296 0.219024 0.222784 0.226576 0.2304 0.234256 0.238144 0.242064 0.246016 0.25 0.254016 0.258064 0.262144 0.266256 0.2704 0.274576 0.278784 0.283024 0.287296 0.2916 0.295936 0.300304 0.304704 0.309136 0.3136 0.318096 0.322624 0.327184 0.331776 0.3364 0.341056 0.345744 0.350464 0.355216 0.36 0.364816 0.369664 0.374544 0.379456 0.3844 0.389376 0.394384 0.399424 0.404496 0.4096 0.414736 0.419904 0.425104 0.430336 0.4356 0.440896 0.446224 0.451584 0.456976 0.4624 0.467856 0.473344 0.478864 0.484416 0.49 0.495616 0.501264 0.506944 0.512656 0.5184 0.524176 0.529984 0.535824 0.541696 0.5476 0.553536 0.559504 0.565504 0.571536 0.5776 0.583696 0.589824 0.595984 0.602176 0.6084 0.614656 0.620944 0.627264 0.633616 0.64 0.646416 0.652864 0.659344 0.665856 0.6724 0.678976 0.685584 0.692224 0.698896 0.7056 0.712336 0.719104 0.725904 0.732736 0.7396 0.746496 0.753424 0.760384 0.767376 0.7744 0.781456 0.788544 0.795664 0.802816 0.81 0.817216 0.824464 0.831744 0.839056 0.8464 0.853776 0.861184 0.868624 0.876096 0.8836 0.891136 0.898704 0.906304 0.913936 0.9216 0.929296 0.937024 0.944784 0.952576 0.9604 0.968256 0.976144 0.984064 0.992016 1 
0 0 0 0 0 0 0 0 0 0 0 0 0 0 0 0 0 0 0 0 0 0 0 0 0 0 0 0 0 0 0 0 0 0 0 0 0 0 0 0 0 0 0 0 0 0 0 0 0 0 0 0 0 0 0 0 0 0 0 0 0 0 0 0 0 0 0 0 0 0 0 0 0 0 0 0 0 0 0 0 0 0 0 0 0 0 0 0 0 0 0 0 0 0 0 0 0 0 0 0 0 0 0 0 0 0 0 0 0 0 0 0 0 0 0 0 0 0 0 0 0 0 0 0 0 0 0 0 0 0 0 0 0 0 0 0 0 0 0 0 0 0 0 0 0 0 0 0 0 0 0 0 0 0 0 0 0 0 0 0 0 0 0 0 0 0 0 0 0 0 0 0 0 0 0 0 0 0 0 0 0 0 0 0 0 0 0 0 0 0 0 0 0 0 0 0 0 0 0 0 0 0 0 0 0 0 0 0 0 0 0 0 0 0 0 0 0 0 0 0 0 0 0 0 0 0 0 0 0 0 0 0 0 0 0 0 0 0 0 0 0 0 0 0 0 0 0 0 0 0 0 0 0 0 0 0 0 0 0 0 0 0 0 0 0 0 0 0 0 0 0 0 0 0 0 0 0 0 0 0 0 0 0 0 0 0 0 0 0 0 0 0 0 0 0 0 0 0 0 0 0 0 0 0 0 0 0 0 0 0 0 0 0 0 0 0 0 0 0 0 0 0 0 0 0 0 0 0 0 0 0 0 0 0 0 0 0 0 0 0 0 0 0 0 0 0 0 0 0 0 0 0 0 0 0 0 0 0 0 0 0 0 0 0 0 0 0 0 0 0 0 0 0 0 0 0 0 0 0 0 0 0 0 0 0 0 0 0 0 0 0 0 0 0 0 0 0 0 0 0 0 0 0 0 0 0 0 0 0 0 0 0 0 0 0 0 0 0 0 0 0 0 0 0 0 0 0 0 0 0 0 0 0 0 0 0 0 0 0 0 0 0 0 0 0 0 0 0 0 0 0 0 0 0 0 0 0 0 0 0 0 0 0 0 0 0 0 0 0 0 0 0 0 0 0 0 0 0 0 0 0 0 0 0 0 0 0 0 0 0 0 0 0 0 0 0 0 0 0 0 0 0 0 0 0 0 0 0 0 0 0 0 0 0 0 0 0 0 0 0 0 0 0 0 0 0 0 0 0 0 0 0 0 0 0 0 0 0 0 0 0 0 0 0 0 0 0 0 0 0 0 0 0 0 0 0 0 0 0 0 0 0 0 0 0 0 0 0 0 0 0 0 0 0 0 0 0 0 0 0 0 0 0 0 0 0 0 0 0 0 0 0 0 0 0 0 0 0 0 0 0 0 0 0 0 0 0 0 0 0 0 0 0 0 0 0 0 0 0 0 0 0 0 0 0 0 0 0 0 0 0 0 0 0 0 0 0 0 0 0 0 0 0 0 0 0 0 0 0 0 0 0 0 0 0 0 0 0 0 0 0 0 0 0 0 0 0 0 0 0 0 0 0 0 0 0 0 0 0 0 0 0 0 0 0 0 0 0 0 0 0 0 0 0 0 0 0 0 0 0 0 0 0 0 0 0 0 0 0 0 0 0 0 0 0 0 0 0 0 0 0 0 0 0 0 0 0 0 0 0 0 0 0 0 0 0 0 0 0 0 0 0 0 0 0 0 0 0 0 0 0 0 0 0 0 0 0 0 0 0 0 0 0 0 0 0 0 0 0 0 0 0 0 0 0 0 0 0 0 0 0 0 0 0 0 0 0 0 0 0 0 0 0 0 0 0 0 0 0 0 0 0 0 0 0 0 0 0 0 0 0 0 0 0 0 0 0 0 0 0 0 0 0 0 0 0 0 0 0 0 0 0 0 0 0 0 0 0 0 0 0 0 0 0 0 0 0 0 0 0 0 0 0 0 0 0 0 0 0 0 0 0 0 0 0 0 0 0 0 0 0 0 0 0 0 0 0 0 0 0 0 0 0 0 0 0 0 0 0 0 0 0 0 0 0 0 0 0 0 0 0 0 0 0 0 0 0 0 0 0 0 0 0 0 0 0 0 0 0 0 0 0 0 0 0 0 0 0 0 0 0 0 0 0 0 0 0 0 0 0 0 0 0 0 0 0 0 0 0 0 0 0 0 0 0 0 0 0 0 0 0 0 0 0 0 0 0 0 0 0 0 0 0 0 0 0 0 0 0 0 0 0 0 0 0 0 0 0 0 0 0 0 0 0 0 0 0 0 0 0 0 
